matchDate,symbol,matchPri,matchQty,tolMatchQty,matchTime,bidPri1,bidPri2,bidPri3,bidPri4,bidPri5,bidQty1,bidQty2,bidQty3,bidQty4,bidQty5,askPri1,askPri2,askPri3,askPri4,askPri5,askQty1,askQty2,askQty3,askQty4,askQty5,openPri,highPri,lowPri,refPri,upPri,dnPri,label
20221108,2357,239.5,33,33,90006955,239.0,238.5,238.0,237.5,237.0,27,2,10,13,13,239.5,240.0,240.5,241.0,241.5,22,27,9,41,20,239.5,239.5,239.5,237.5,261,214,0.0
20221108,2357,239.0,5,38,90012089,239.0,238.5,238.0,237.5,237.0,24,1,10,13,15,239.5,240.0,240.5,241.0,241.5,29,27,9,42,20,239.5,239.5,239.0,237.5,261,214,1.0
20221108,2357,239.5,2,40,90014889,239.0,238.5,238.0,237.5,237.0,46,3,10,13,29,239.5,240.0,240.5,241.0,241.5,22,27,9,42,32,239.5,239.5,239.0,237.5,261,214,2.0
20221108,2357,239.5,1,41,90015202,239.0,238.5,238.0,237.5,237.0,53,3,10,13,29,239.5,240.0,240.5,241.0,241.5,21,27,9,42,32,239.5,239.5,239.0,237.5,261,214,2.0
20221108,2357,239.5,21,62,90015658,239.0,238.5,238.0,237.5,237.0,119,3,10,13,29,240.0,240.5,241.0,241.5,242.0,27,9,40,34,42,239.5,239.5,239.0,237.5,261,214,1.0
20221108,2357,240.0,1,63,90015700,239.0,238.5,238.0,237.5,237.0,103,3,10,13,29,240.0,240.5,241.0,241.5,242.0,25,10,40,22,42,239.5,240.0,239.0,237.5,261,214,2.0
20221108,2357,240.0,4,67,90016722,239.0,238.5,238.0,237.5,237.0,103,3,10,13,29,240.0,240.5,241.0,241.5,242.0,21,10,40,22,42,239.5,240.0,239.0,237.5,261,214,2.0
20221108,2357,240.0,21,88,90016751,239.5,239.0,238.5,238.0,237.5,31,100,3,10,13,240.5,241.0,241.5,242.0,242.5,10,39,22,54,59,239.5,240.0,239.0,237.5,261,214,2.0
20221108,2357,240.0,8,210,90131629,239.5,239.0,238.5,238.0,237.5,30,19,3,22,28,240.5,241.0,241.5,242.0,242.5,8,53,42,42,28,239.5,241.0,239.0,237.5,261,214,1.0
20221108,2357,240.5,3,213,90134561,239.5,239.0,238.5,238.0,237.5,54,19,2,22,28,240.5,241.0,241.5,242.0,242.5,10,53,39,42,28,239.5,241.0,239.0,237.5,261,214,0.0
20221108,2357,239.5,1,215,90155829,240.0,239.5,239.0,238.5,238.0,2,53,21,25,20,240.5,241.0,241.5,242.0,242.5,19,69,27,58,30,239.5,241.0,239.0,237.5,261,214,1.0
20221108,2357,240.0,1,216,90300496,240.0,239.5,239.0,238.5,238.0,33,33,21,25,20,240.5,241.0,241.5,242.0,242.5,19,73,28,59,30,239.5,241.0,239.0,237.5,261,214,2.0
20221108,2357,240.0,1,217,90316140,240.0,239.5,239.0,238.5,238.0,65,35,21,27,20,240.5,241.0,241.5,242.0,242.5,19,72,30,57,31,239.5,241.0,239.0,237.5,261,214,2.0
20221108,2357,240.0,1,218,90343758,240.0,239.5,239.0,238.5,238.0,64,35,21,27,20,240.5,241.0,241.5,242.0,242.5,19,72,30,57,31,239.5,241.0,239.0,237.5,261,214,1.0
20221108,2357,240.5,19,237,90343767,240.5,240.0,239.5,239.0,238.5,55,12,38,19,35,241.0,241.5,242.0,242.5,243.0,72,35,46,43,37,239.5,241.0,239.0,237.5,261,214,1.0
20221108,2357,241.0,1,238,90348844,240.5,240.0,239.5,239.0,238.5,55,12,38,19,35,241.0,241.5,242.0,242.5,243.0,71,35,46,43,37,239.5,241.0,239.0,237.5,261,214,2.0
20221108,2357,241.0,61,299,90348879,240.5,240.0,239.5,239.0,238.5,55,12,38,19,35,241.0,241.5,242.0,242.5,243.0,10,35,46,43,37,239.5,241.0,239.0,237.5,261,214,2.0
20221108,2357,241.0,10,309,90348908,241.0,240.5,240.0,239.5,239.0,14,55,14,36,30,241.5,242.0,242.5,243.0,243.5,35,46,31,50,4,239.5,241.0,239.0,237.5,261,214,1.0
20221108,2357,241.5,1,310,90348992,241.0,240.5,240.0,239.5,239.0,19,55,14,38,28,241.5,242.0,242.5,243.0,243.5,34,46,31,50,4,239.5,241.5,239.0,237.5,261,214,0.0
20221108,2357,241.0,2,312,90349947,241.0,240.5,240.0,239.5,239.0,17,55,12,40,28,241.5,242.0,242.5,243.0,243.5,32,51,31,50,4,239.5,241.5,239.0,237.5,261,214,1.0
20221108,2357,241.5,1,313,90350002,241.0,240.5,240.0,239.5,239.0,17,55,14,38,28,241.5,242.0,242.5,243.0,243.5,31,51,31,50,4,239.5,241.5,239.0,237.5,261,214,2.0
20221108,2357,241.5,1,314,90351022,241.0,240.5,240.0,239.5,239.0,17,55,14,38,28,241.5,242.0,242.5,243.0,243.5,30,51,31,50,4,239.5,241.5,239.0,237.5,261,214,2.0
20221108,2357,241.5,1,315,90352034,241.0,240.5,240.0,239.5,239.0,17,55,14,38,28,241.5,242.0,242.5,243.0,243.5,29,51,31,48,6,239.5,241.5,239.0,237.5,261,214,2.0
20221108,2357,241.5,1,353,90453830,241.5,241.0,240.5,240.0,239.5,12,38,37,13,22,242.0,242.5,243.0,243.5,244.0,55,36,24,20,28,239.5,241.5,239.0,237.5,261,214,2.0
20221108,2357,241.5,1,354,90502418,241.5,241.0,240.5,240.0,239.5,11,38,35,13,24,242.0,242.5,243.0,243.5,244.0,55,36,24,20,28,239.5,241.5,239.0,237.5,261,214,2.0
20221108,2357,241.5,1,355,90503861,241.5,241.0,240.5,240.0,239.5,10,38,35,13,24,242.0,242.5,243.0,243.5,244.0,55,36,24,21,28,239.5,241.5,239.0,237.5,261,214,2.0
20221108,2357,241.5,4,359,90510437,241.5,241.0,240.5,240.0,239.5,6,38,35,13,24,242.0,242.5,243.0,243.5,244.0,56,36,24,21,38,239.5,241.5,239.0,237.5,261,214,2.0
20221108,2357,241.5,3,362,90516522,241.5,241.0,240.5,240.0,239.5,3,38,35,13,24,242.0,242.5,243.0,243.5,244.0,56,36,24,21,38,239.5,241.5,239.0,237.5,261,214,2.0
20221108,2357,241.5,1,363,90516731,241.5,241.0,240.5,240.0,239.5,4,38,35,13,24,242.0,242.5,243.0,243.5,244.0,56,36,24,21,38,239.5,241.5,239.0,237.5,261,214,2.0
20221108,2357,241.5,1,364,90516872,241.5,241.0,240.5,240.0,239.5,3,38,35,13,24,242.0,242.5,243.0,243.5,244.0,56,36,24,21,38,239.5,241.5,239.0,237.5,261,214,2.0
20221108,2357,241.5,3,367,90519103,241.0,240.5,240.0,239.5,239.0,27,36,13,14,19,241.5,242.0,242.5,243.0,243.5,10,56,32,36,10,239.5,241.5,239.0,237.5,261,214,2.0
20221108,2357,241.5,1,368,90544030,241.0,240.5,240.0,239.5,239.0,28,36,13,14,19,241.5,242.0,242.5,243.0,243.5,12,56,32,37,10,239.5,241.5,239.0,237.5,261,214,2.0
20221108,2357,241.5,1,369,90546675,241.0,240.5,240.0,239.5,239.0,28,36,13,14,19,241.5,242.0,242.5,243.0,243.5,11,56,32,37,10,239.5,241.5,239.0,237.5,261,214,0.0
20221108,2357,241.0,1,370,90546861,241.0,240.5,240.0,239.5,239.0,27,36,13,14,19,241.5,242.0,242.5,243.0,243.5,11,56,32,37,10,239.5,241.5,239.0,237.5,261,214,1.0
20221108,2357,241.5,1,371,90547804,241.0,240.5,240.0,239.5,239.0,27,38,15,13,25,241.5,242.0,242.5,243.0,243.5,19,66,36,38,8,239.5,241.5,239.0,237.5,261,214,2.0
20221108,2357,241.5,2,373,90625781,241.0,240.5,240.0,239.5,239.0,43,38,15,13,25,241.5,242.0,242.5,243.0,243.5,17,66,36,38,8,239.5,241.5,239.0,237.5,261,214,2.0
20221108,2357,241.5,1,374,90635730,241.0,240.5,240.0,239.5,239.0,43,38,15,13,25,241.5,242.0,242.5,243.0,243.5,16,66,36,38,8,239.5,241.5,239.0,237.5,261,214,2.0
20221108,2357,241.5,16,390,90635759,241.0,240.5,240.0,239.5,239.0,80,43,13,12,38,242.0,242.5,243.0,243.5,244.0,66,41,39,8,40,239.5,241.5,239.0,237.5,261,214,0.0
20221108,2357,241.0,2,392,90643039,241.0,240.5,240.0,239.5,239.0,76,43,13,12,26,241.5,242.0,242.5,243.0,243.5,1,66,41,39,8,239.5,241.5,239.0,237.5,261,214,1.0
20221108,2357,241.5,1,393,90647498,241.5,241.0,240.5,240.0,239.5,31,58,38,15,13,242.0,242.5,243.0,243.5,244.0,66,41,28,20,40,239.5,241.5,239.0,237.5,261,214,2.0
20221108,2357,241.5,1,394,90656738,241.5,241.0,240.5,240.0,239.5,14,58,38,15,13,242.0,242.5,243.0,243.5,244.0,67,41,28,20,40,239.5,241.5,239.0,237.5,261,214,2.0
20221108,2357,241.5,1,395,90657353,241.5,241.0,240.5,240.0,239.5,15,56,38,15,11,242.0,242.5,243.0,243.5,244.0,69,41,28,20,40,239.5,241.5,239.0,237.5,261,214,2.0
20221108,2357,241.5,1,396,90702639,241.5,241.0,240.5,240.0,239.5,9,56,38,15,11,242.0,242.5,243.0,243.5,244.0,74,41,28,20,40,239.5,241.5,239.0,237.5,261,214,2.0
20221108,2357,241.5,1,397,90718250,241.5,241.0,240.5,240.0,239.5,8,56,38,15,11,242.0,242.5,243.0,243.5,244.0,74,42,28,20,40,239.5,241.5,239.0,237.5,261,214,2.0
20221108,2357,241.5,1,398,90720358,241.5,241.0,240.5,240.0,239.5,7,56,38,14,11,242.0,242.5,243.0,243.5,244.0,77,43,30,21,41,239.5,241.5,239.0,237.5,261,214,2.0
20221108,2357,241.5,1,399,90751153,241.5,241.0,240.5,240.0,239.5,6,56,38,14,11,242.0,242.5,243.0,243.5,244.0,77,43,30,21,41,239.5,241.5,239.0,237.5,261,214,1.0
20221108,2357,242.0,1,400,90751294,241.5,241.0,240.5,240.0,239.5,6,56,38,14,11,242.0,242.5,243.0,243.5,244.0,76,43,30,21,41,239.5,242.0,239.0,237.5,261,214,0.0
20221108,2357,241.5,1,401,90751943,241.5,241.0,240.5,240.0,239.5,5,56,38,14,11,242.0,242.5,243.0,243.5,244.0,76,41,30,21,41,239.5,242.0,239.0,237.5,261,214,2.0
20221108,2357,241.5,1,402,90752190,241.5,241.0,240.5,240.0,239.5,6,57,38,14,11,242.0,242.5,243.0,243.5,244.0,76,40,30,21,41,239.5,242.0,239.0,237.5,261,214,2.0
20221108,2357,241.5,3,405,90757485,241.5,241.0,240.5,240.0,239.5,4,57,38,14,11,242.0,242.5,243.0,243.5,244.0,79,40,30,22,41,239.5,242.0,239.0,237.5,261,214,2.0
20221108,2357,241.5,4,409,90816152,241.0,240.5,240.0,239.5,239.0,60,38,14,11,40,242.0,242.5,243.0,243.5,244.0,84,40,44,10,41,239.5,242.0,239.0,237.5,261,214,0.0
20221108,2357,241.0,1,410,90819215,241.0,240.5,240.0,239.5,239.0,63,37,14,11,28,241.5,242.0,242.5,243.0,243.5,1,82,40,44,10,239.5,242.0,239.0,237.5,261,214,1.0
20221108,2357,241.5,1,411,90828482,241.0,240.5,240.0,239.5,239.0,71,37,14,11,28,241.5,242.0,242.5,243.0,243.5,1,83,41,44,10,239.5,242.0,239.0,237.5,261,214,2.0
20221108,2357,241.5,1,412,90836527,241.0,240.5,240.0,239.5,239.0,71,38,13,11,28,241.5,242.0,242.5,243.0,243.5,1,82,41,44,10,239.5,242.0,239.0,237.5,261,214,2.0
20221108,2357,241.5,1,413,90844379,241.0,240.5,240.0,239.5,239.0,71,38,14,10,42,241.5,242.0,242.5,243.0,243.5,1,82,40,44,10,239.5,242.0,239.0,237.5,261,214,2.0
20221108,2357,241.5,1,414,90851182,241.0,240.5,240.0,239.5,239.0,71,38,14,10,28,241.5,242.0,242.5,243.0,243.5,2,80,40,44,10,239.5,242.0,239.0,237.5,261,214,2.0
20221108,2357,241.5,2,416,90852781,241.0,240.5,240.0,239.5,239.0,71,38,14,10,28,241.5,242.0,242.5,243.0,243.5,1,81,40,44,10,239.5,242.0,239.0,237.5,261,214,2.0
20221108,2357,241.5,1,417,90901062,241.0,240.5,240.0,239.5,239.0,69,40,13,10,29,241.5,242.0,242.5,243.0,243.5,40,83,37,46,8,239.5,242.0,239.0,237.5,261,214,0.0
20221108,2357,241.0,15,432,91158721,241.0,240.5,240.0,239.5,239.0,54,40,13,10,29,241.5,242.0,242.5,243.0,243.5,40,83,37,46,8,239.5,242.0,239.0,237.5,261,214,2.0
20221108,2357,241.0,2,434,91159356,241.0,240.5,240.0,239.5,239.0,40,40,13,10,29,241.5,242.0,242.5,243.0,243.5,42,83,37,46,8,239.5,242.0,239.0,237.5,261,214,2.0
20221108,2357,241.0,1,435,91211723,241.0,240.5,240.0,239.5,239.0,38,41,13,11,29,241.5,242.0,242.5,243.0,243.5,43,86,37,46,8,239.5,242.0,239.0,237.5,261,214,2.0
20221108,2357,241.0,6,441,91247651,241.0,240.5,240.0,239.5,239.0,32,41,13,11,29,241.5,242.0,242.5,243.0,243.5,44,85,37,46,8,239.5,242.0,239.0,237.5,261,214,2.0
20221108,2357,241.0,1,442,91248830,241.0,240.5,240.0,239.5,239.0,32,41,13,11,29,241.5,242.0,242.5,243.0,243.5,46,85,37,45,9,239.5,242.0,239.0,237.5,261,214,2.0
20221108,2357,241.0,1,443,91301077,241.0,240.5,240.0,239.5,239.0,32,41,13,11,29,241.5,242.0,242.5,243.0,243.5,48,85,37,45,9,239.5,242.0,239.0,237.5,261,214,1.0
20221108,2357,241.5,1,444,91317765,241.0,240.5,240.0,239.5,239.0,31,41,13,11,29,241.5,242.0,242.5,243.0,243.5,52,84,37,45,9,239.5,242.0,239.0,237.5,261,214,0.0
20221108,2357,241.0,1,445,91322980,241.0,240.5,240.0,239.5,239.0,31,41,13,11,29,241.5,242.0,242.5,243.0,243.5,53,87,36,45,9,239.5,242.0,239.0,237.5,261,214,2.0
20221108,2357,241.0,1,446,91342975,241.0,240.5,240.0,239.5,239.0,30,41,13,11,29,241.5,242.0,242.5,243.0,243.5,53,91,36,45,9,239.5,242.0,239.0,237.5,261,214,2.0
20221108,2357,241.0,1,447,91345188,241.0,240.5,240.0,239.5,239.0,29,41,13,11,29,241.5,242.0,242.5,243.0,243.5,52,91,36,45,9,239.5,242.0,239.0,237.5,261,214,2.0
20221108,2357,241.0,1,448,91345361,241.0,240.5,240.0,239.5,239.0,28,41,13,11,29,241.5,242.0,242.5,243.0,243.5,51,91,36,45,9,239.5,242.0,239.0,237.5,261,214,2.0
20221108,2357,241.0,2,450,91345815,241.0,240.5,240.0,239.5,239.0,26,41,13,11,29,241.5,242.0,242.5,243.0,243.5,51,91,36,45,9,239.5,242.0,239.0,237.5,261,214,2.0
20221108,2357,241.0,5,455,91348949,241.0,240.5,240.0,239.5,239.0,21,41,13,11,29,241.5,242.0,242.5,243.0,243.5,51,91,36,45,9,239.5,242.0,239.0,237.5,261,214,2.0
20221108,2357,241.0,1,456,91349780,241.0,240.5,240.0,239.5,239.0,20,41,13,11,30,241.5,242.0,242.5,243.0,243.5,51,91,36,45,9,239.5,242.0,239.0,237.5,261,214,2.0
20221108,2357,241.0,1,457,91353433,241.0,240.5,240.0,239.5,239.0,19,41,13,11,30,241.5,242.0,242.5,243.0,243.5,51,91,36,45,9,239.5,242.0,239.0,237.5,261,214,2.0
20221108,2357,241.0,1,458,91355815,241.0,240.5,240.0,239.5,239.0,18,41,13,11,30,241.5,242.0,242.5,243.0,243.5,51,91,36,45,9,239.5,242.0,239.0,237.5,261,214,2.0
20221108,2357,241.0,1,459,91406537,241.0,240.5,240.0,239.5,239.0,21,41,13,11,30,241.5,242.0,242.5,243.0,243.5,51,91,36,45,9,239.5,242.0,239.0,237.5,261,214,2.0
20221108,2357,241.0,1,460,91407569,241.0,240.5,240.0,239.5,239.0,20,41,13,11,30,241.5,242.0,242.5,243.0,243.5,51,91,36,45,9,239.5,242.0,239.0,237.5,261,214,2.0
20221108,2357,241.0,3,463,91407800,241.0,240.5,240.0,239.5,239.0,17,41,13,11,30,241.5,242.0,242.5,243.0,243.5,53,91,36,50,9,239.5,242.0,239.0,237.5,261,214,2.0
20221108,2357,241.0,2,465,91427999,241.0,240.5,240.0,239.5,239.0,16,41,13,11,30,241.5,242.0,242.5,243.0,243.5,55,91,36,50,9,239.5,242.0,239.0,237.5,261,214,1.0
20221108,2357,241.5,1,466,91435256,241.0,240.5,240.0,239.5,239.0,15,41,13,11,30,241.5,242.0,242.5,243.0,243.5,55,90,36,51,9,239.5,242.0,239.0,237.5,261,214,0.0
20221108,2357,241.0,1,467,91452458,241.0,240.5,240.0,239.5,239.0,14,41,13,11,30,241.5,242.0,242.5,243.0,243.5,60,90,36,51,9,239.5,242.0,239.0,237.5,261,214,2.0
20221108,2357,241.0,6,473,91500175,241.0,240.5,240.0,239.5,239.0,2,39,17,11,30,241.5,242.0,242.5,243.0,243.5,60,90,36,51,9,239.5,242.0,239.0,237.5,261,214,2.0
20221108,2357,241.0,1,474,91500361,241.0,240.5,240.0,239.5,239.0,1,39,17,11,30,241.5,242.0,242.5,243.0,243.5,59,90,36,51,9,239.5,242.0,239.0,237.5,261,214,2.0
20221108,2357,241.0,1,475,91500386,240.5,240.0,239.5,239.0,238.5,21,17,11,30,37,241.5,242.0,242.5,243.0,243.5,63,95,43,35,24,239.5,242.0,239.0,237.5,261,214,0.0
20221108,2357,240.5,1,476,91504125,240.5,240.0,239.5,239.0,238.5,20,17,11,30,37,241.5,242.0,242.5,243.0,243.5,63,95,43,35,24,239.5,242.0,239.0,237.5,261,214,2.0
20221108,2357,240.5,1,477,91507448,240.5,240.0,239.5,239.0,238.5,17,17,11,30,23,241.0,241.5,242.0,242.5,243.0,15,59,83,41,50,239.5,242.0,239.0,237.5,261,214,2.0
20221108,2357,240.5,1,478,91531684,240.5,240.0,239.5,239.0,238.5,16,17,11,30,23,241.0,241.5,242.0,242.5,243.0,15,59,83,41,51,239.5,242.0,239.0,237.5,261,214,2.0
20221108,2357,240.5,1,479,91533917,240.5,240.0,239.5,239.0,238.5,15,17,11,30,23,241.0,241.5,242.0,242.5,243.0,15,59,83,41,51,239.5,242.0,239.0,237.5,261,214,2.0
20221108,2357,240.5,1,480,91534285,240.5,240.0,239.5,239.0,238.5,14,17,11,30,23,241.0,241.5,242.0,242.5,243.0,14,59,83,41,51,239.5,242.0,239.0,237.5,261,214,1.0
20221108,2357,241.0,1,481,91535348,240.5,240.0,239.5,239.0,238.5,14,17,11,30,23,241.0,241.5,242.0,242.5,243.0,14,58,83,41,51,239.5,242.0,239.0,237.5,261,214,0.0
20221108,2357,240.5,1,482,91536115,240.5,240.0,239.5,239.0,238.5,13,17,11,30,23,241.0,241.5,242.0,242.5,243.0,18,54,83,41,51,239.5,242.0,239.0,237.5,261,214,2.0
20221108,2357,240.5,1,483,91539991,240.5,240.0,239.5,239.0,238.5,12,17,11,30,23,241.0,241.5,242.0,242.5,243.0,18,54,83,41,51,239.5,242.0,239.0,237.5,261,214,2.0
20221108,2357,240.5,1,484,91541180,240.5,240.0,239.5,239.0,238.5,11,17,11,30,23,241.0,241.5,242.0,242.5,243.0,20,54,83,41,51,239.5,242.0,239.0,237.5,261,214,2.0
20221108,2357,240.5,1,485,91542927,240.5,240.0,239.5,239.0,238.5,10,17,11,30,23,241.0,241.5,242.0,242.5,243.0,20,54,83,41,51,239.5,242.0,239.0,237.5,261,214,2.0
20221108,2357,240.5,1,486,91544645,240.5,240.0,239.5,239.0,238.5,7,13,11,32,27,241.0,241.5,242.0,242.5,243.0,21,54,83,43,49,239.5,242.0,239.0,237.5,261,214,2.0
20221108,2357,240.5,1,487,91546176,240.5,240.0,239.5,239.0,238.5,6,13,11,32,27,241.0,241.5,242.0,242.5,243.0,21,54,83,43,49,239.5,242.0,239.0,237.5,261,214,2.0
20221108,2357,240.5,1,488,91548230,240.5,240.0,239.5,239.0,238.5,4,13,11,33,27,241.0,241.5,242.0,242.5,243.0,20,55,82,43,49,239.5,242.0,239.0,237.5,261,214,2.0
20221108,2357,240.5,1,489,91559333,240.5,240.0,239.5,239.0,238.5,3,13,11,33,27,241.0,241.5,242.0,242.5,243.0,20,55,82,43,49,239.5,242.0,239.0,237.5,261,214,2.0
20221108,2357,240.5,1,490,91600460,240.5,240.0,239.5,239.0,238.5,3,13,11,33,27,241.0,241.5,242.0,242.5,243.0,20,55,82,43,49,239.5,242.0,239.0,237.5,261,214,2.0
20221108,2357,240.5,1,491,91601016,240.5,240.0,239.5,239.0,238.5,2,13,11,33,27,241.0,241.5,242.0,242.5,243.0,20,55,82,43,49,239.5,242.0,239.0,237.5,261,214,2.0
20221108,2357,240.5,1,492,91603020,240.5,240.0,239.5,239.0,238.5,1,13,11,33,28,241.0,241.5,242.0,242.5,243.0,20,55,82,43,49,239.5,242.0,239.0,237.5,261,214,2.0
20221108,2357,240.5,1,493,91606157,240.0,239.5,239.0,238.5,238.0,32,11,31,26,17,240.5,241.0,241.5,242.0,242.5,1,20,55,82,43,239.5,242.0,239.0,237.5,261,214,2.0
20221108,2357,240.5,1,494,91607230,240.0,239.5,239.0,238.5,238.0,38,11,33,28,27,241.0,241.5,242.0,242.5,243.0,16,55,82,43,63,239.5,242.0,239.0,237.5,261,214,1.0
20221108,2357,241.0,1,495,91612382,240.0,239.5,239.0,238.5,238.0,38,12,33,29,13,240.5,241.0,241.5,242.0,242.5,2,16,57,78,43,239.5,242.0,239.0,237.5,261,214,0.0
20221108,2357,240.5,2,497,91616737,240.5,240.0,239.5,239.0,238.5,13,36,14,35,25,241.0,241.5,242.0,242.5,243.0,16,57,78,43,49,239.5,242.0,239.0,237.5,261,214,2.0
20221108,2357,240.5,2,499,91619026,240.5,240.0,239.5,239.0,238.5,12,36,14,35,25,241.0,241.5,242.0,242.5,243.0,17,57,78,43,49,239.5,242.0,239.0,237.5,261,214,2.0
20221108,2357,240.5,1,500,91622889,240.5,240.0,239.5,239.0,238.5,10,36,14,35,25,241.0,241.5,242.0,242.5,243.0,17,57,78,43,49,239.5,242.0,239.0,237.5,261,214,2.0
20221108,2357,240.5,1,501,91623666,240.5,240.0,239.5,239.0,238.5,7,22,14,35,25,241.0,241.5,242.0,242.5,243.0,16,57,78,43,49,239.5,242.0,239.0,237.5,261,214,2.0
20221108,2357,240.5,1,502,91627355,240.5,240.0,239.5,239.0,238.5,7,22,14,34,25,241.0,241.5,242.0,242.5,243.0,18,58,78,43,49,239.5,242.0,239.0,237.5,261,214,2.0
20221108,2357,240.5,1,503,91643254,240.5,240.0,239.5,239.0,238.5,5,22,14,34,25,241.0,241.5,242.0,242.5,243.0,18,58,78,43,49,239.5,242.0,239.0,237.5,261,214,2.0
20221108,2357,240.5,1,504,91644855,240.5,240.0,239.5,239.0,238.5,4,22,14,34,25,241.0,241.5,242.0,242.5,243.0,19,58,78,43,49,239.5,242.0,239.0,237.5,261,214,2.0
20221108,2357,240.5,1,505,91646558,240.5,240.0,239.5,239.0,238.5,3,22,12,32,29,241.0,241.5,242.0,242.5,243.0,21,56,78,43,49,239.5,242.0,239.0,237.5,261,214,2.0
20221108,2357,240.5,1,506,91648167,240.5,240.0,239.5,239.0,238.5,2,22,12,32,29,241.0,241.5,242.0,242.5,243.0,21,56,78,43,49,239.5,242.0,239.0,237.5,261,214,2.0
20221108,2357,240.5,1,507,91649898,240.5,240.0,239.5,239.0,238.5,1,23,12,32,29,241.0,241.5,242.0,242.5,243.0,21,56,79,43,48,239.5,242.0,239.0,237.5,261,214,2.0
20221108,2357,240.5,1,508,91657079,240.5,240.0,239.5,239.0,238.5,3,25,12,32,29,241.0,241.5,242.0,242.5,243.0,24,55,79,43,48,239.5,242.0,239.0,237.5,261,214,2.0
20221108,2357,240.5,1,509,91712524,240.5,240.0,239.5,239.0,238.5,4,25,12,32,29,241.0,241.5,242.0,242.5,243.0,23,55,79,43,48,239.5,242.0,239.0,237.5,261,214,2.0
20221108,2357,240.5,1,510,91714106,240.5,240.0,239.5,239.0,238.5,3,25,12,32,29,241.0,241.5,242.0,242.5,243.0,22,55,79,43,48,239.5,242.0,239.0,237.5,261,214,2.0
20221108,2357,240.5,1,511,91714514,240.5,240.0,239.5,239.0,238.5,4,23,12,32,29,241.0,241.5,242.0,242.5,243.0,21,55,79,43,48,239.5,242.0,239.0,237.5,261,214,2.0
20221108,2357,240.5,1,512,91718998,240.5,240.0,239.5,239.0,238.5,24,33,12,32,29,241.0,241.5,242.0,242.5,243.0,22,55,81,43,48,239.5,242.0,239.0,237.5,261,214,1.0
20221108,2357,241.0,1,513,91742406,240.5,240.0,239.5,239.0,238.5,24,33,12,32,29,241.0,241.5,242.0,242.5,243.0,21,55,81,43,48,239.5,242.0,239.0,237.5,261,214,2.0
20221108,2357,241.0,2,515,91742450,240.5,240.0,239.5,239.0,238.5,20,33,14,34,25,241.0,241.5,242.0,242.5,243.0,23,51,83,41,50,239.5,242.0,239.0,237.5,261,214,0.0
20221108,2357,240.5,1,516,91753429,240.5,240.0,239.5,239.0,238.5,5,33,12,32,29,241.0,241.5,242.0,242.5,243.0,25,52,84,41,49,239.5,242.0,239.0,237.5,261,214,2.0
20221108,2357,240.5,1,517,91823570,240.5,240.0,239.5,239.0,238.5,4,33,14,33,25,241.0,241.5,242.0,242.5,243.0,25,53,84,41,49,239.5,242.0,239.0,237.5,261,214,2.0
20221108,2357,240.5,1,518,91857124,240.5,240.0,239.5,239.0,238.5,13,33,14,33,25,241.0,241.5,242.0,242.5,243.0,25,54,84,41,49,239.5,242.0,239.0,237.5,261,214,2.0
20221108,2357,240.5,1,519,91906031,240.5,240.0,239.5,239.0,238.5,19,33,14,33,25,241.0,241.5,242.0,242.5,243.0,27,54,84,41,49,239.5,242.0,239.0,237.5,261,214,2.0
20221108,2357,240.5,1,520,91921695,240.5,240.0,239.5,239.0,238.5,12,33,12,32,29,241.0,241.5,242.0,242.5,243.0,28,54,86,41,49,239.5,242.0,239.0,237.5,261,214,2.0
20221108,2357,240.5,1,521,91950446,240.5,240.0,239.5,239.0,238.5,17,33,13,35,40,241.0,241.5,242.0,242.5,243.0,38,53,81,43,48,239.5,242.0,239.0,237.5,261,214,1.0
20221108,2357,241.0,1,522,92121375,240.5,240.0,239.5,239.0,238.5,23,33,11,33,44,241.0,241.5,242.0,242.5,243.0,36,51,81,43,52,239.5,242.0,239.0,237.5,261,214,0.0
20221108,2357,240.5,1,523,92206474,240.5,240.0,239.5,239.0,238.5,18,36,11,33,44,241.0,241.5,242.0,242.5,243.0,37,58,81,39,53,239.5,242.0,239.0,237.5,261,214,1.0
20221108,2357,241.0,2,525,92331013,240.5,240.0,239.5,239.0,238.5,19,36,11,33,44,241.0,241.5,242.0,242.5,243.0,36,58,81,39,53,239.5,242.0,239.0,237.5,261,214,2.0
20221108,2357,241.0,1,526,92340215,240.5,240.0,239.5,239.0,238.5,26,36,11,33,44,241.0,241.5,242.0,242.5,243.0,35,58,81,39,53,239.5,242.0,239.0,237.5,261,214,2.0
20221108,2357,241.0,35,561,92344009,240.5,240.0,239.5,239.0,238.5,50,36,13,36,53,241.5,242.0,242.5,243.0,243.5,55,81,37,42,29,239.5,242.0,239.0,237.5,261,214,0.0
20221108,2357,240.5,1,562,92344788,241.0,240.5,240.0,239.5,239.0,16,14,36,13,35,241.5,242.0,242.5,243.0,243.5,55,93,37,42,29,239.5,242.0,239.0,237.5,261,214,1.0
20221108,2357,241.0,1,563,92425741,241.0,240.5,240.0,239.5,239.0,15,14,36,13,35,241.5,242.0,242.5,243.0,243.5,55,93,37,42,29,239.5,242.0,239.0,237.5,261,214,2.0
20221108,2357,241.0,1,564,92425777,241.0,240.5,240.0,239.5,239.0,16,13,38,15,31,241.5,242.0,242.5,243.0,243.5,55,98,37,43,29,239.5,242.0,239.0,237.5,261,214,2.0
20221108,2357,241.0,1,565,92542671,241.0,240.5,240.0,239.5,239.0,23,13,38,15,31,241.5,242.0,242.5,243.0,243.5,55,98,37,43,29,239.5,242.0,239.0,237.5,261,214,2.0
20221108,2357,241.0,1,566,92600623,241.0,240.5,240.0,239.5,239.0,22,13,38,16,31,241.5,242.0,242.5,243.0,243.5,55,98,37,43,29,239.5,242.0,239.0,237.5,261,214,2.0
20221108,2357,241.0,1,567,92601936,241.0,240.5,240.0,239.5,239.0,14,13,39,16,31,241.5,242.0,242.5,243.0,243.5,57,99,37,43,29,239.5,242.0,239.0,237.5,261,214,2.0
20221108,2357,241.0,1,568,92643836,241.0,240.5,240.0,239.5,239.0,13,13,39,16,31,241.5,242.0,242.5,243.0,243.5,56,99,37,43,29,239.5,242.0,239.0,237.5,261,214,1.0
20221108,2357,241.5,1,569,92647260,241.0,240.5,240.0,239.5,239.0,14,14,38,16,31,241.5,242.0,242.5,243.0,243.5,58,99,37,43,29,239.5,242.0,239.0,237.5,261,214,0.0
20221108,2357,241.0,1,570,92653246,241.0,240.5,240.0,239.5,239.0,19,14,38,16,31,241.5,242.0,242.5,243.0,243.5,58,98,37,43,29,239.5,242.0,239.0,237.5,261,214,1.0
20221108,2357,241.5,2,572,92721656,241.0,240.5,240.0,239.5,239.0,20,14,37,16,31,241.5,242.0,242.5,243.0,243.5,58,100,37,42,29,239.5,242.0,239.0,237.5,261,214,2.0
20221108,2357,241.5,1,573,92754296,241.0,240.5,240.0,239.5,239.0,30,14,37,16,31,241.5,242.0,242.5,243.0,243.5,57,99,38,42,29,239.5,242.0,239.0,237.5,261,214,2.0
20221108,2357,241.5,1,574,92759298,241.0,240.5,240.0,239.5,239.0,27,14,37,16,31,241.5,242.0,242.5,243.0,243.5,58,100,38,42,29,239.5,242.0,239.0,237.5,261,214,2.0
20221108,2357,241.5,1,575,92816475,241.0,240.5,240.0,239.5,239.0,27,14,37,16,31,241.5,242.0,242.5,243.0,243.5,57,100,38,42,29,239.5,242.0,239.0,237.5,261,214,0.0
20221108,2357,241.0,1,576,92816687,241.0,240.5,240.0,239.5,239.0,36,13,37,16,31,241.5,242.0,242.5,243.0,243.5,57,100,40,40,29,239.5,242.0,239.0,237.5,261,214,1.0
20221108,2357,241.5,1,577,92840260,241.0,240.5,240.0,239.5,239.0,43,13,37,16,31,241.5,242.0,242.5,243.0,243.5,87,102,42,40,29,239.5,242.0,239.0,237.5,261,214,0.0
20221108,2357,241.0,1,578,92953230,241.0,240.5,240.0,239.5,239.0,43,13,37,16,31,241.5,242.0,242.5,243.0,243.5,87,102,42,40,29,239.5,242.0,239.0,237.5,261,214,2.0
20221108,2357,241.0,1,579,92956107,241.0,240.5,240.0,239.5,239.0,39,13,37,16,31,241.5,242.0,242.5,243.0,243.5,89,104,43,40,29,239.5,242.0,239.0,237.5,261,214,2.0
20221108,2357,241.0,1,580,93001932,241.0,240.5,240.0,239.5,239.0,42,14,38,16,32,241.5,242.0,242.5,243.0,243.5,100,107,42,41,29,239.5,242.0,239.0,237.5,261,214,2.0
20221108,2357,241.0,2,582,93159836,241.0,240.5,240.0,239.5,239.0,40,14,38,16,32,241.5,242.0,242.5,243.0,243.5,100,107,42,40,29,239.5,242.0,239.0,237.5,261,214,2.0
20221108,2357,241.0,1,583,93203378,241.0,240.5,240.0,239.5,239.0,41,12,38,16,32,241.5,242.0,242.5,243.0,243.5,101,108,42,40,29,239.5,242.0,239.0,237.5,261,214,2.0
20221108,2357,241.0,1,584,93255993,241.0,240.5,240.0,239.5,239.0,46,18,38,16,33,241.5,242.0,242.5,243.0,243.5,101,110,41,40,29,239.5,242.0,239.0,237.5,261,214,2.0
20221108,2357,241.0,1,585,93336334,241.0,240.5,240.0,239.5,239.0,39,18,39,16,33,241.5,242.0,242.5,243.0,243.5,102,109,41,40,29,239.5,242.0,239.0,237.5,261,214,2.0
20221108,2357,241.0,1,586,93352186,241.0,240.5,240.0,239.5,239.0,44,18,39,16,33,241.5,242.0,242.5,243.0,243.5,102,110,41,39,29,239.5,242.0,239.0,237.5,261,214,2.0
20221108,2357,241.0,1,587,93410562,241.0,240.5,240.0,239.5,239.0,56,20,41,13,33,241.5,242.0,242.5,243.0,243.5,101,110,41,39,29,239.5,242.0,239.0,237.5,261,214,2.0
20221108,2357,241.0,4,591,93448122,241.0,240.5,240.0,239.5,239.0,53,20,41,13,33,241.5,242.0,242.5,243.0,243.5,97,110,41,39,29,239.5,242.0,239.0,237.5,261,214,2.0
20221108,2357,241.0,1,592,93448888,241.0,240.5,240.0,239.5,239.0,52,18,39,17,33,241.5,242.0,242.5,243.0,243.5,97,110,41,39,29,239.5,242.0,239.0,237.5,261,214,1.0
20221108,2357,241.5,4,596,93457156,241.0,240.5,240.0,239.5,239.0,53,23,39,17,33,241.5,242.0,242.5,243.0,243.5,93,110,41,39,29,239.5,242.0,239.0,237.5,261,214,2.0
20221108,2357,241.5,6,602,93459568,241.0,240.5,240.0,239.5,239.0,57,25,46,13,33,241.5,242.0,242.5,243.0,243.5,97,113,38,42,31,239.5,242.0,239.0,237.5,261,214,2.0
20221108,2357,241.5,8,610,93714555,241.0,240.5,240.0,239.5,239.0,63,25,46,12,33,241.5,242.0,242.5,243.0,243.5,90,113,38,42,31,239.5,242.0,239.0,237.5,261,214,0.0
20221108,2357,241.0,1,611,93726358,241.0,240.5,240.0,239.5,239.0,57,25,46,13,33,241.5,242.0,242.5,243.0,243.5,92,113,38,42,31,239.5,242.0,239.0,237.5,261,214,1.0
20221108,2357,241.5,1,612,93743918,241.0,240.5,240.0,239.5,239.0,62,25,46,13,33,241.5,242.0,242.5,243.0,243.5,91,113,38,42,31,239.5,242.0,239.0,237.5,261,214,2.0
20221108,2357,241.5,91,703,93801250,241.5,241.0,240.5,240.0,239.5,71,51,24,45,29,242.0,242.5,243.0,243.5,244.0,113,39,39,34,43,239.5,242.0,239.0,237.5,261,214,2.0
20221108,2357,241.5,1,704,93803428,241.5,241.0,240.5,240.0,239.5,70,51,24,46,29,242.0,242.5,243.0,243.5,244.0,113,40,39,34,43,239.5,242.0,239.0,237.5,261,214,1.0
20221108,2357,242.0,1,705,93809840,241.5,241.0,240.5,240.0,239.5,70,51,24,46,29,242.0,242.5,243.0,243.5,244.0,112,40,39,34,43,239.5,242.0,239.0,237.5,261,214,2.0
20221108,2357,242.0,1,706,93810076,241.5,241.0,240.5,240.0,239.5,70,51,24,46,29,242.0,242.5,243.0,243.5,244.0,111,40,39,34,43,239.5,242.0,239.0,237.5,261,214,2.0
20221108,2357,242.0,1,707,93810335,241.5,241.0,240.5,240.0,239.5,70,53,26,42,29,242.0,242.5,243.0,243.5,244.0,110,40,39,34,43,239.5,242.0,239.0,237.5,261,214,2.0
20221108,2357,242.0,1,708,93811365,241.5,241.0,240.5,240.0,239.5,93,31,24,45,29,242.0,242.5,243.0,243.5,244.0,104,39,40,34,43,239.5,242.0,239.0,237.5,261,214,0.0
20221108,2357,241.5,1,709,93818423,241.5,241.0,240.5,240.0,239.5,92,31,24,45,29,242.0,242.5,243.0,243.5,244.0,104,43,40,34,43,239.5,242.0,239.0,237.5,261,214,2.0
20221108,2357,241.5,1,710,93821575,241.5,241.0,240.5,240.0,239.5,91,33,26,41,29,242.0,242.5,243.0,243.5,244.0,104,43,40,34,43,239.5,242.0,239.0,237.5,261,214,2.0
20221108,2357,241.5,1,711,93824835,241.5,241.0,240.5,240.0,239.5,95,35,22,41,29,242.0,242.5,243.0,243.5,244.0,107,43,40,34,44,239.5,242.0,239.0,237.5,261,214,1.0
20221108,2357,242.0,2,713,93859948,241.5,241.0,240.5,240.0,239.5,93,36,22,41,29,242.0,242.5,243.0,243.5,244.0,110,43,41,34,44,239.5,242.0,239.0,237.5,261,214,0.0
20221108,2357,241.5,1,714,94006485,241.5,241.0,240.5,240.0,239.5,92,36,22,41,29,242.0,242.5,243.0,243.5,244.0,109,44,40,34,44,239.5,242.0,239.0,237.5,261,214,2.0
20221108,2357,241.5,1,715,94024373,241.5,241.0,240.5,240.0,239.5,91,36,22,41,29,242.0,242.5,243.0,243.5,244.0,109,44,40,34,44,239.5,242.0,239.0,237.5,261,214,2.0
20221108,2357,241.5,1,716,94031142,241.5,241.0,240.5,240.0,239.5,91,36,22,42,29,242.0,242.5,243.0,243.5,244.0,115,44,42,33,45,239.5,242.0,239.0,237.5,261,214,1.0
20221108,2357,242.0,1,717,94109103,241.5,241.0,240.5,240.0,239.5,101,36,22,43,30,242.0,242.5,243.0,243.5,244.0,116,44,43,33,45,239.5,242.0,239.0,237.5,261,214,2.0
20221108,2357,242.0,2,719,94156484,241.5,241.0,240.5,240.0,239.5,101,36,22,43,30,242.0,242.5,243.0,243.5,244.0,113,44,43,33,45,239.5,242.0,239.0,237.5,261,214,0.0
20221108,2357,241.5,1,720,94159715,241.5,241.0,240.5,240.0,239.5,100,43,22,43,30,242.0,242.5,243.0,243.5,244.0,116,74,45,32,45,239.5,242.0,239.0,237.5,261,214,2.0
20221108,2357,241.5,1,721,94238650,241.5,241.0,240.5,240.0,239.5,100,43,23,43,30,242.0,242.5,243.0,243.5,244.0,123,74,45,32,45,239.5,242.0,239.0,237.5,261,214,1.0
20221108,2357,242.0,1,722,94311753,241.5,241.0,240.5,240.0,239.5,117,41,22,43,30,242.0,242.5,243.0,243.5,244.0,124,74,45,33,45,239.5,242.0,239.0,237.5,261,214,2.0
20221108,2357,242.0,1,723,94400232,241.5,241.0,240.5,240.0,239.5,121,41,22,43,30,242.0,242.5,243.0,243.5,244.0,123,74,45,33,45,239.5,242.0,239.0,237.5,261,214,2.0
20221108,2357,242.0,1,724,94403171,241.5,241.0,240.5,240.0,239.5,116,41,22,43,30,242.0,242.5,243.0,243.5,244.0,123,74,46,34,45,239.5,242.0,239.0,237.5,261,214,2.0
20221108,2357,242.0,2,726,94423763,241.5,241.0,240.5,240.0,239.5,116,39,22,43,30,242.0,242.5,243.0,243.5,244.0,125,75,45,35,46,239.5,242.0,239.0,237.5,261,214,0.0
20221108,2357,241.5,2,728,94511613,241.5,241.0,240.5,240.0,239.5,105,39,22,43,30,242.0,242.5,243.0,243.5,244.0,132,75,45,35,48,239.5,242.0,239.0,237.5,261,214,2.0
20221108,2357,241.5,1,729,94642900,241.5,241.0,240.5,240.0,239.5,105,39,22,43,30,242.0,242.5,243.0,243.5,244.0,131,75,45,35,48,239.5,242.0,239.0,237.5,261,214,2.0
20221108,2357,241.5,1,730,94645184,241.5,241.0,240.5,240.0,239.5,94,38,22,43,30,242.0,242.5,243.0,243.5,244.0,131,75,45,35,48,239.5,242.0,239.0,237.5,261,214,2.0
20221108,2357,241.5,1,731,94652109,241.5,241.0,240.5,240.0,239.5,93,38,22,43,30,242.0,242.5,243.0,243.5,244.0,131,75,45,35,48,239.5,242.0,239.0,237.5,261,214,2.0
20221108,2357,241.5,1,732,94656301,241.5,241.0,240.5,240.0,239.5,90,38,22,43,30,242.0,242.5,243.0,243.5,244.0,135,75,46,34,48,239.5,242.0,239.0,237.5,261,214,1.0
20221108,2357,242.0,1,733,94712010,241.5,241.0,240.5,240.0,239.5,90,38,22,43,30,242.0,242.5,243.0,243.5,244.0,134,75,46,34,48,239.5,242.0,239.0,237.5,261,214,0.0
20221108,2357,241.5,1,734,94716473,241.5,241.0,240.5,240.0,239.5,89,38,22,43,30,242.0,242.5,243.0,243.5,244.0,136,75,46,34,48,239.5,242.0,239.0,237.5,261,214,1.0
20221108,2357,242.0,1,735,94727019,241.5,241.0,240.5,240.0,239.5,89,38,22,43,30,242.0,242.5,243.0,243.5,244.0,135,75,46,34,48,239.5,242.0,239.0,237.5,261,214,0.0
20221108,2357,241.5,1,736,94730066,241.5,241.0,240.5,240.0,239.5,88,38,22,43,30,242.0,242.5,243.0,243.5,244.0,134,76,47,34,48,239.5,242.0,239.0,237.5,261,214,1.0
20221108,2357,242.0,1,737,94746144,241.5,241.0,240.5,240.0,239.5,88,38,22,43,30,242.0,242.5,243.0,243.5,244.0,163,76,49,34,48,239.5,242.0,239.0,237.5,261,214,2.0
20221108,2357,242.0,1,738,94824655,241.5,241.0,240.5,240.0,239.5,88,38,22,43,30,242.0,242.5,243.0,243.5,244.0,157,76,49,34,48,239.5,242.0,239.0,237.5,261,214,0.0
20221108,2357,241.5,3,741,94839098,241.5,241.0,240.5,240.0,239.5,85,38,22,43,30,242.0,242.5,243.0,243.5,244.0,156,76,49,34,48,239.5,242.0,239.0,237.5,261,214,2.0
20221108,2357,241.5,4,745,94839107,241.5,241.0,240.5,240.0,239.5,81,38,22,43,30,242.0,242.5,243.0,243.5,244.0,156,76,49,34,48,239.5,242.0,239.0,237.5,261,214,2.0
20221108,2357,241.5,1,750,94839108,241.5,241.0,240.5,240.0,239.5,46,29,24,47,30,242.0,242.5,243.0,243.5,244.0,156,76,49,35,48,239.5,242.0,239.0,237.5,261,214,2.0
20221108,2357,241.5,2,752,94842197,241.5,241.0,240.5,240.0,239.5,44,29,23,46,30,242.0,242.5,243.0,243.5,244.0,156,77,49,35,48,239.5,242.0,239.0,237.5,261,214,2.0
20221108,2357,241.5,1,753,94859291,241.5,241.0,240.5,240.0,239.5,42,29,23,46,30,242.0,242.5,243.0,243.5,244.0,159,77,51,35,48,239.5,242.0,239.0,237.5,261,214,2.0
20221108,2357,241.5,4,757,94910490,241.5,241.0,240.5,240.0,239.5,38,29,23,46,30,242.0,242.5,243.0,243.5,244.0,159,77,51,35,48,239.5,242.0,239.0,237.5,261,214,2.0
20221108,2357,241.5,3,760,94910520,241.5,241.0,240.5,240.0,239.5,35,29,23,46,30,242.0,242.5,243.0,243.5,244.0,159,77,51,35,48,239.5,242.0,239.0,237.5,261,214,2.0
20221108,2357,241.5,29,789,94910554,241.5,241.0,240.5,240.0,239.5,6,29,23,46,30,242.0,242.5,243.0,243.5,244.0,159,77,51,35,48,239.5,242.0,239.0,237.5,261,214,2.0
20221108,2357,241.5,6,795,94910582,241.0,240.5,240.0,239.5,239.0,29,21,48,30,79,241.5,242.0,242.5,243.0,243.5,6,159,77,51,35,239.5,242.0,239.0,237.5,261,214,2.0
20221108,2357,241.5,1,796,94910597,241.0,240.5,240.0,239.5,239.0,25,21,44,30,67,241.5,242.0,242.5,243.0,243.5,10,159,77,51,35,239.5,242.0,239.0,237.5,261,214,0.0
20221108,2357,241.0,1,797,94910626,241.0,240.5,240.0,239.5,239.0,29,21,44,34,66,241.5,242.0,242.5,243.0,243.5,23,154,78,53,32,239.5,242.0,239.0,237.5,261,214,2.0
20221108,2357,241.0,5,802,94912493,241.0,240.5,240.0,239.5,239.0,22,22,44,34,66,241.5,242.0,242.5,243.0,243.5,30,155,77,53,32,239.5,242.0,239.0,237.5,261,214,2.0
20221108,2357,241.0,22,824,94936370,240.5,240.0,239.5,239.0,238.5,17,44,34,27,37,241.5,242.0,242.5,243.0,243.5,34,155,79,51,40,239.5,242.0,239.0,237.5,261,214,0.0
20221108,2357,240.5,1,825,94936436,240.5,240.0,239.5,239.0,238.5,28,44,34,27,37,241.5,242.0,242.5,243.0,243.5,33,153,79,51,40,239.5,242.0,239.0,237.5,261,214,2.0
20221108,2357,240.5,2,827,94939692,240.5,240.0,239.5,239.0,238.5,27,44,34,39,25,241.0,241.5,242.0,242.5,243.0,2,42,159,79,50,239.5,242.0,239.0,237.5,261,214,1.0
20221108,2357,241.0,2,829,95051237,240.5,240.0,239.5,239.0,238.5,28,44,18,39,40,241.0,241.5,242.0,242.5,243.0,3,37,156,76,52,239.5,242.0,239.0,237.5,261,214,0.0
20221108,2357,240.5,1,830,95054572,240.5,240.0,239.5,239.0,238.5,33,44,18,39,40,241.0,241.5,242.0,242.5,243.0,7,34,158,76,52,239.5,242.0,239.0,237.5,261,214,2.0
20221108,2357,240.5,1,831,95106829,240.5,240.0,239.5,239.0,238.5,27,35,18,40,41,241.0,241.5,242.0,242.5,243.0,27,31,152,93,55,239.5,242.0,239.0,237.5,261,214,1.0
20221108,2357,241.0,10,841,95259045,240.5,240.0,239.5,239.0,238.5,19,41,19,41,42,241.0,241.5,242.0,242.5,243.0,25,31,149,93,55,239.5,242.0,239.0,237.5,261,214,0.0
20221108,2357,240.5,1,842,95430259,240.5,240.0,239.5,239.0,238.5,18,40,20,40,41,241.0,241.5,242.0,242.5,243.0,29,34,149,93,55,239.5,242.0,239.0,237.5,261,214,1.0
20221108,2357,241.0,1,843,95458341,240.5,240.0,239.5,239.0,238.5,18,40,20,40,41,241.0,241.5,242.0,242.5,243.0,28,34,149,93,55,239.5,242.0,239.0,237.5,261,214,0.0
20221108,2357,240.5,1,844,95458810,240.5,240.0,239.5,239.0,238.5,17,40,30,40,41,241.0,241.5,242.0,242.5,243.0,28,35,149,93,55,239.5,242.0,239.0,237.5,261,214,1.0
20221108,2357,241.0,1,845,95509112,240.5,240.0,239.5,239.0,238.5,17,40,30,40,41,241.0,241.5,242.0,242.5,243.0,27,35,149,93,55,239.5,242.0,239.0,237.5,261,214,2.0
20221108,2357,241.0,1,846,95511665,240.5,240.0,239.5,239.0,238.5,22,40,30,40,41,241.0,241.5,242.0,242.5,243.0,24,40,153,120,55,239.5,242.0,239.0,237.5,261,214,2.0
20221108,2357,241.0,1,847,95640945,240.5,240.0,239.5,239.0,238.5,22,41,30,40,41,241.0,241.5,242.0,242.5,243.0,24,42,153,120,55,239.5,242.0,239.0,237.5,261,214,2.0
20221108,2357,241.0,6,853,95734355,240.5,240.0,239.5,239.0,238.5,22,41,30,40,41,241.0,241.5,242.0,242.5,243.0,18,42,153,120,55,239.5,242.0,239.0,237.5,261,214,2.0
20221108,2357,241.0,1,854,95738654,240.5,240.0,239.5,239.0,238.5,23,41,30,40,41,241.0,241.5,242.0,242.5,243.0,23,42,151,120,55,239.5,242.0,239.0,237.5,261,214,2.0
20221108,2357,241.0,1,855,95747119,240.5,240.0,239.5,239.0,238.5,23,41,30,40,41,241.0,241.5,242.0,242.5,243.0,23,42,151,120,55,239.5,242.0,239.0,237.5,261,214,2.0
20221108,2357,241.0,1,856,95759921,240.5,240.0,239.5,239.0,238.5,24,41,30,40,43,241.0,241.5,242.0,242.5,243.0,29,43,151,120,55,239.5,242.0,239.0,237.5,261,214,0.0
20221108,2357,240.5,1,857,95845625,240.5,240.0,239.5,239.0,238.5,23,41,30,40,43,241.0,241.5,242.0,242.5,243.0,29,43,151,120,55,239.5,242.0,239.0,237.5,261,214,2.0
20221108,2357,240.5,1,858,95847268,240.5,240.0,239.5,239.0,238.5,22,41,30,40,43,241.0,241.5,242.0,242.5,243.0,29,43,151,120,89,239.5,242.0,239.0,237.5,261,214,2.0
20221108,2357,240.5,1,859,95854128,240.5,240.0,239.5,239.0,238.5,21,41,30,40,43,241.0,241.5,242.0,242.5,243.0,29,43,151,120,89,239.5,242.0,239.0,237.5,261,214,1.0
20221108,2357,241.0,1,860,95914004,240.5,240.0,239.5,239.0,238.5,20,41,30,40,43,241.0,241.5,242.0,242.5,243.0,28,43,151,120,89,239.5,242.0,239.0,237.5,261,214,0.0
20221108,2357,240.5,1,861,95925163,240.5,240.0,239.5,239.0,238.5,18,42,30,40,43,241.0,241.5,242.0,242.5,243.0,28,43,151,120,89,239.5,242.0,239.0,237.5,261,214,2.0
20221108,2357,240.5,1,862,95934170,240.5,240.0,239.5,239.0,238.5,10,39,30,40,43,241.0,241.5,242.0,242.5,243.0,43,44,153,122,89,239.5,242.0,239.0,237.5,261,214,2.0
20221108,2357,240.5,7,869,100015611,240.5,240.0,239.5,239.0,238.5,4,38,30,40,43,241.0,241.5,242.0,242.5,243.0,51,43,153,122,89,239.5,242.0,239.0,237.5,261,214,1.0
20221108,2357,241.0,1,870,100030027,240.5,240.0,239.5,239.0,238.5,13,37,30,40,44,241.0,241.5,242.0,242.5,243.0,55,42,153,122,89,239.5,242.0,239.0,237.5,261,214,0.0
20221108,2357,240.5,1,871,100100129,240.5,240.0,239.5,239.0,238.5,14,39,30,40,44,241.0,241.5,242.0,242.5,243.0,46,42,152,122,89,239.5,242.0,239.0,237.5,261,214,2.0
20221108,2357,240.5,1,872,100141730,240.5,240.0,239.5,239.0,238.5,15,39,30,40,44,241.0,241.5,242.0,242.5,243.0,48,43,152,122,89,239.5,242.0,239.0,237.5,261,214,2.0
20221108,2357,240.5,2,874,100222967,240.5,240.0,239.5,239.0,238.5,17,39,30,40,44,241.0,241.5,242.0,242.5,243.0,45,44,152,122,89,239.5,242.0,239.0,237.5,261,214,2.0
20221108,2357,240.5,1,875,100309970,240.5,240.0,239.5,239.0,238.5,17,39,30,40,44,241.0,241.5,242.0,242.5,243.0,47,45,152,122,89,239.5,242.0,239.0,237.5,261,214,2.0
20221108,2357,240.5,1,876,100348164,240.5,240.0,239.5,239.0,238.5,23,39,30,40,44,241.0,241.5,242.0,242.5,243.0,47,45,152,122,89,239.5,242.0,239.0,237.5,261,214,2.0
20221108,2357,240.5,1,877,100506578,240.5,240.0,239.5,239.0,238.5,22,40,30,40,44,241.0,241.5,242.0,242.5,243.0,48,45,154,122,90,239.5,242.0,239.0,237.5,261,214,1.0
20221108,2357,241.0,1,878,100551040,240.5,240.0,239.5,239.0,238.5,25,40,30,40,44,241.0,241.5,242.0,242.5,243.0,48,47,152,122,90,239.5,242.0,239.0,237.5,261,214,2.0
20221108,2357,241.0,1,879,100608985,240.5,240.0,239.5,239.0,238.5,25,40,30,41,44,241.0,241.5,242.0,242.5,243.0,46,47,152,95,117,239.5,242.0,239.0,237.5,261,214,2.0
20221108,2357,241.0,1,880,100659484,240.5,240.0,239.5,239.0,238.5,25,40,30,42,44,241.0,241.5,242.0,242.5,243.0,45,47,152,95,117,239.5,242.0,239.0,237.5,261,214,2.0
20221108,2357,241.0,3,883,100733572,240.5,240.0,239.5,239.0,238.5,22,40,30,42,44,241.0,241.5,242.0,242.5,243.0,43,47,152,95,117,239.5,242.0,239.0,237.5,261,214,2.0
20221108,2357,241.0,1,884,100736919,240.5,240.0,239.5,239.0,238.5,22,40,30,42,44,241.0,241.5,242.0,242.5,243.0,42,47,152,95,117,239.5,242.0,239.0,237.5,261,214,2.0
20221108,2357,241.0,1,885,100752372,240.5,240.0,239.5,239.0,238.5,22,40,30,42,44,241.0,241.5,242.0,242.5,243.0,42,47,152,95,117,239.5,242.0,239.0,237.5,261,214,2.0
20221108,2357,241.0,1,886,100804263,240.5,240.0,239.5,239.0,238.5,22,39,30,41,44,241.0,241.5,242.0,242.5,243.0,54,45,158,93,117,239.5,242.0,239.0,237.5,261,214,2.0
20221108,2357,241.0,1,887,101112085,240.5,240.0,239.5,239.0,238.5,40,39,30,41,44,241.0,241.5,242.0,242.5,243.0,48,46,159,93,116,239.5,242.0,239.0,237.5,261,214,2.0
20221108,2357,241.0,1,888,101207422,240.5,240.0,239.5,239.0,238.5,40,39,30,41,44,241.0,241.5,242.0,242.5,243.0,50,46,159,93,116,239.5,242.0,239.0,237.5,261,214,2.0
20221108,2357,241.0,1,889,101239530,240.5,240.0,239.5,239.0,238.5,43,40,30,41,44,241.0,241.5,242.0,242.5,243.0,52,43,159,93,116,239.5,242.0,239.0,237.5,261,214,2.0
20221108,2357,241.0,1,890,101427465,240.5,240.0,239.5,239.0,238.5,43,40,30,41,44,241.0,241.5,242.0,242.5,243.0,50,43,159,93,116,239.5,242.0,239.0,237.5,261,214,2.0
20221108,2357,241.0,1,891,101428944,240.5,240.0,239.5,239.0,238.5,43,40,30,41,44,241.0,241.5,242.0,242.5,243.0,53,43,159,93,116,239.5,242.0,239.0,237.5,261,214,2.0
20221108,2357,241.0,1,892,101429150,240.5,240.0,239.5,239.0,238.5,43,39,30,42,44,241.0,241.5,242.0,242.5,243.0,51,43,159,93,116,239.5,242.0,239.0,237.5,261,214,2.0
20221108,2357,241.0,1,893,101448409,240.5,240.0,239.5,239.0,238.5,44,39,30,42,44,241.0,241.5,242.0,242.5,243.0,55,43,159,94,116,239.5,242.0,239.0,237.5,261,214,0.0
20221108,2357,240.5,1,894,101525359,240.5,240.0,239.5,239.0,238.5,43,39,30,42,44,241.0,241.5,242.0,242.5,243.0,55,43,159,94,116,239.5,242.0,239.0,237.5,261,214,1.0
20221108,2357,241.0,1,895,101537002,240.5,240.0,239.5,239.0,238.5,44,39,30,42,44,241.0,241.5,242.0,242.5,243.0,56,42,159,94,117,239.5,242.0,239.0,237.5,261,214,2.0
20221108,2357,241.0,1,896,101546314,240.5,240.0,239.5,239.0,238.5,44,39,30,42,44,241.0,241.5,242.0,242.5,243.0,55,42,159,94,117,239.5,242.0,239.0,237.5,261,214,2.0
20221108,2357,241.0,1,897,101547116,240.5,240.0,239.5,239.0,238.5,43,39,25,42,44,241.0,241.5,242.0,242.5,243.0,57,39,156,94,117,239.5,242.0,239.0,237.5,261,214,2.0
20221108,2357,241.0,1,898,101634008,240.5,240.0,239.5,239.0,238.5,44,39,25,42,44,241.0,241.5,242.0,242.5,243.0,58,39,155,94,117,239.5,242.0,239.0,237.5,261,214,0.0
20221108,2357,240.5,1,899,101806346,240.5,240.0,239.5,239.0,238.5,43,39,25,43,44,241.0,241.5,242.0,242.5,243.0,58,39,155,94,117,239.5,242.0,239.0,237.5,261,214,2.0
20221108,2357,240.5,1,900,101837540,240.5,240.0,239.5,239.0,238.5,42,39,25,43,44,241.0,241.5,242.0,242.5,243.0,58,39,155,94,117,239.5,242.0,239.0,237.5,261,214,1.0
20221108,2357,241.0,1,901,101839981,240.5,240.0,239.5,239.0,238.5,42,39,25,43,44,241.0,241.5,242.0,242.5,243.0,59,39,155,94,117,239.5,242.0,239.0,237.5,261,214,2.0
20221108,2357,241.0,1,902,102003207,240.5,240.0,239.5,239.0,238.5,43,39,25,43,44,241.0,241.5,242.0,242.5,243.0,58,39,157,93,117,239.5,242.0,239.0,237.5,261,214,0.0
20221108,2357,240.5,2,904,102027536,240.5,240.0,239.5,239.0,238.5,41,39,25,43,44,241.0,241.5,242.0,242.5,243.0,58,39,157,93,117,239.5,242.0,239.0,237.5,261,214,1.0
20221108,2357,241.0,1,905,102030999,240.5,240.0,239.5,239.0,238.5,41,39,25,43,44,241.0,241.5,242.0,242.5,243.0,57,39,157,93,117,239.5,242.0,239.0,237.5,261,214,2.0
20221108,2357,241.0,1,906,102032435,240.5,240.0,239.5,239.0,238.5,41,39,25,43,44,241.0,241.5,242.0,242.5,243.0,56,39,157,93,117,239.5,242.0,239.0,237.5,261,214,2.0
20221108,2357,241.0,1,907,102040509,240.5,240.0,239.5,239.0,238.5,41,39,25,43,44,241.0,241.5,242.0,242.5,243.0,56,39,157,93,117,239.5,242.0,239.0,237.5,261,214,2.0
20221108,2357,241.0,2,909,102051511,240.5,240.0,239.5,239.0,238.5,42,39,25,43,44,241.0,241.5,242.0,242.5,243.0,56,39,157,93,117,239.5,242.0,239.0,237.5,261,214,2.0
20221108,2357,241.0,5,914,102120260,240.5,240.0,239.5,239.0,238.5,43,39,25,43,44,241.0,241.5,242.0,242.5,243.0,51,39,157,93,117,239.5,242.0,239.0,237.5,261,214,2.0
20221108,2357,241.0,2,916,102123012,240.5,240.0,239.5,239.0,238.5,43,40,25,43,44,241.0,241.5,242.0,242.5,243.0,50,37,159,93,117,239.5,242.0,239.0,237.5,261,214,2.0
20221108,2357,241.0,1,917,102155115,240.5,240.0,239.5,239.0,238.5,43,40,25,43,44,241.0,241.5,242.0,242.5,243.0,48,38,159,93,117,239.5,242.0,239.0,237.5,261,214,2.0
20221108,2357,241.0,1,918,102238422,240.5,240.0,239.5,239.0,238.5,47,38,26,43,44,241.0,241.5,242.0,242.5,243.0,87,37,159,93,118,239.5,242.0,239.0,237.5,261,214,2.0
20221108,2357,241.0,1,919,102506163,240.5,240.0,239.5,239.0,238.5,47,38,26,43,44,241.0,241.5,242.0,242.5,243.0,85,37,159,93,118,239.5,242.0,239.0,237.5,261,214,2.0
20221108,2357,241.0,1,920,102507024,240.5,240.0,239.5,239.0,238.5,47,38,26,43,44,241.0,241.5,242.0,242.5,243.0,84,37,159,93,118,239.5,242.0,239.0,237.5,261,214,2.0
20221108,2357,241.0,1,921,102509038,240.5,240.0,239.5,239.0,238.5,47,38,26,43,44,241.0,241.5,242.0,242.5,243.0,83,38,158,94,118,239.5,242.0,239.0,237.5,261,214,0.0
20221108,2357,240.5,1,922,102512613,240.5,240.0,239.5,239.0,238.5,45,39,26,43,44,241.0,241.5,242.0,242.5,243.0,84,39,157,94,118,239.5,242.0,239.0,237.5,261,214,1.0
20221108,2357,241.0,1,923,102612086,240.5,240.0,239.5,239.0,238.5,46,39,26,43,44,241.0,241.5,242.0,242.5,243.0,85,39,157,94,118,239.5,242.0,239.0,237.5,261,214,2.0
20221108,2357,241.0,2,925,102624523,240.5,240.0,239.5,239.0,238.5,46,39,26,43,44,241.0,241.5,242.0,242.5,243.0,83,39,157,94,118,239.5,242.0,239.0,237.5,261,214,2.0
20221108,2357,241.0,1,926,102627320,240.5,240.0,239.5,239.0,238.5,47,38,26,44,44,241.0,241.5,242.0,242.5,243.0,83,39,157,94,118,239.5,242.0,239.0,237.5,261,214,0.0
20221108,2357,240.5,1,927,102651650,240.5,240.0,239.5,239.0,238.5,47,38,26,44,44,241.0,241.5,242.0,242.5,243.0,83,39,157,94,118,239.5,242.0,239.0,237.5,261,214,2.0
20221108,2357,240.5,1,928,102705237,240.5,240.0,239.5,239.0,238.5,47,37,26,44,44,241.0,241.5,242.0,242.5,243.0,85,39,159,94,117,239.5,242.0,239.0,237.5,261,214,1.0
20221108,2357,241.0,1,929,102715994,240.5,240.0,239.5,239.0,238.5,53,37,28,44,42,241.0,241.5,242.0,242.5,243.0,85,41,159,94,117,239.5,242.0,239.0,237.5,261,214,2.0
20221108,2357,241.0,1,930,102748698,240.5,240.0,239.5,239.0,238.5,53,37,28,44,42,241.0,241.5,242.0,242.5,243.0,84,41,159,94,117,239.5,242.0,239.0,237.5,261,214,2.0
20221108,2357,241.0,1,931,102749157,240.5,240.0,239.5,239.0,238.5,54,37,29,44,41,241.0,241.5,242.0,242.5,243.0,84,41,160,94,118,239.5,242.0,239.0,237.5,261,214,2.0
20221108,2357,241.0,5,936,102854247,240.5,240.0,239.5,239.0,238.5,49,37,29,44,41,241.0,241.5,242.0,242.5,243.0,78,41,160,94,118,239.5,242.0,239.0,237.5,261,214,2.0
20221108,2357,241.0,1,937,102857382,240.5,240.0,239.5,239.0,238.5,49,37,29,44,41,241.0,241.5,242.0,242.5,243.0,77,41,160,94,118,239.5,242.0,239.0,237.5,261,214,2.0
20221108,2357,241.0,1,938,102858416,240.5,240.0,239.5,239.0,238.5,48,37,29,44,41,241.0,241.5,242.0,242.5,243.0,78,41,160,94,117,239.5,242.0,239.0,237.5,261,214,2.0
20221108,2357,241.0,2,940,102903439,240.5,240.0,239.5,239.0,238.5,48,37,29,44,41,241.0,241.5,242.0,242.5,243.0,76,41,159,94,117,239.5,242.0,239.0,237.5,261,214,2.0
20221108,2357,241.0,1,941,102904303,240.5,240.0,239.5,239.0,238.5,48,38,29,44,41,241.0,241.5,242.0,242.5,243.0,76,41,159,94,117,239.5,242.0,239.0,237.5,261,214,0.0
20221108,2357,240.5,1,942,102918111,240.5,240.0,239.5,239.0,238.5,47,38,29,44,41,241.0,241.5,242.0,242.5,243.0,78,42,160,94,118,239.5,242.0,239.0,237.5,261,214,2.0
20221108,2357,240.5,2,944,103007628,240.5,240.0,239.5,239.0,238.5,45,38,29,44,41,241.0,241.5,242.0,242.5,243.0,78,43,160,94,118,239.5,242.0,239.0,237.5,261,214,2.0
20221108,2357,240.5,1,945,103024708,240.5,240.0,239.5,239.0,238.5,44,38,29,44,41,241.0,241.5,242.0,242.5,243.0,78,43,160,94,118,239.5,242.0,239.0,237.5,261,214,1.0
20221108,2357,241.0,1,946,103024892,240.5,240.0,239.5,239.0,238.5,47,38,29,44,41,241.0,241.5,242.0,242.5,243.0,82,43,161,95,119,239.5,242.0,239.0,237.5,261,214,2.0
20221108,2357,241.0,1,947,103238144,240.5,240.0,239.5,239.0,238.5,48,38,29,44,41,241.0,241.5,242.0,242.5,243.0,81,43,163,95,119,239.5,242.0,239.0,237.5,261,214,2.0
20221108,2357,241.0,6,953,103245122,240.5,240.0,239.5,239.0,238.5,42,38,29,45,41,241.0,241.5,242.0,242.5,243.0,77,43,163,95,119,239.5,242.0,239.0,237.5,261,214,2.0
20221108,2357,241.0,1,954,103247154,240.5,240.0,239.5,239.0,238.5,43,38,29,45,41,241.0,241.5,242.0,242.5,243.0,78,43,163,95,119,239.5,242.0,239.0,237.5,261,214,2.0
20221108,2357,241.0,1,955,103315840,240.5,240.0,239.5,239.0,238.5,43,38,29,45,41,241.0,241.5,242.0,242.5,243.0,77,43,163,95,119,239.5,242.0,239.0,237.5,261,214,2.0
20221108,2357,241.0,1,956,103318925,240.5,240.0,239.5,239.0,238.5,43,38,29,45,41,241.0,241.5,242.0,242.5,243.0,77,43,163,95,119,239.5,242.0,239.0,237.5,261,214,2.0
20221108,2357,241.0,1,957,103330267,240.5,240.0,239.5,239.0,238.5,43,40,27,44,41,241.0,241.5,242.0,242.5,243.0,77,43,163,95,120,239.5,242.0,239.0,237.5,261,214,2.0
20221108,2357,241.0,3,960,103417482,240.5,240.0,239.5,239.0,238.5,43,40,27,44,41,241.0,241.5,242.0,242.5,243.0,74,43,163,95,120,239.5,242.0,239.0,237.5,261,214,2.0
20221108,2357,241.0,1,961,103417650,240.5,240.0,239.5,239.0,238.5,44,43,27,44,41,241.0,241.5,242.0,242.5,243.0,73,43,163,95,120,239.5,242.0,239.0,237.5,261,214,2.0
20221108,2357,241.0,1,962,103423163,240.5,240.0,239.5,239.0,238.5,43,43,27,44,41,241.0,241.5,242.0,242.5,243.0,72,43,163,95,120,239.5,242.0,239.0,237.5,261,214,2.0
20221108,2357,241.0,1,963,103434136,240.5,240.0,239.5,239.0,238.5,46,46,27,44,41,241.0,241.5,242.0,242.5,243.0,74,43,164,95,122,239.5,242.0,239.0,237.5,261,214,2.0
20221108,2357,241.0,1,964,103549103,240.5,240.0,239.5,239.0,238.5,46,46,27,44,41,241.0,241.5,242.0,242.5,243.0,74,43,164,95,122,239.5,242.0,239.0,237.5,261,214,2.0
20221108,2357,241.0,1,965,103554385,240.5,240.0,239.5,239.0,238.5,46,46,27,44,41,241.0,241.5,242.0,242.5,243.0,73,43,164,95,122,239.5,242.0,239.0,237.5,261,214,2.0
20221108,2357,241.0,1,966,103558404,240.5,240.0,239.5,239.0,238.5,46,46,27,44,41,241.0,241.5,242.0,242.5,243.0,72,44,164,95,122,239.5,242.0,239.0,237.5,261,214,2.0
20221108,2357,241.0,1,967,103615032,240.5,240.0,239.5,239.0,238.5,45,46,27,44,41,241.0,241.5,242.0,242.5,243.0,71,44,165,95,122,239.5,242.0,239.0,237.5,261,214,2.0
20221108,2357,241.0,1,968,103644586,240.5,240.0,239.5,239.0,238.5,45,46,27,44,41,241.0,241.5,242.0,242.5,243.0,70,44,165,95,122,239.5,242.0,239.0,237.5,261,214,2.0
20221108,2357,241.0,1,969,103651666,240.5,240.0,239.5,239.0,238.5,50,47,27,44,41,241.0,241.5,242.0,242.5,243.0,71,44,160,96,122,239.5,242.0,239.0,237.5,261,214,2.0
20221108,2357,241.0,4,973,103753547,240.5,240.0,239.5,239.0,238.5,50,47,27,44,41,241.0,241.5,242.0,242.5,243.0,68,44,160,96,122,239.5,242.0,239.0,237.5,261,214,2.0
20221108,2357,241.0,1,974,103755783,240.5,240.0,239.5,239.0,238.5,50,47,27,44,41,241.0,241.5,242.0,242.5,243.0,67,44,160,96,122,239.5,242.0,239.0,237.5,261,214,2.0
20221108,2357,241.0,1,975,103758973,240.5,240.0,239.5,239.0,238.5,51,47,27,44,41,241.0,241.5,242.0,242.5,243.0,66,45,160,96,122,239.5,242.0,239.0,237.5,261,214,0.0
20221108,2357,240.5,2,977,103800105,240.5,240.0,239.5,239.0,238.5,64,47,27,44,41,241.0,241.5,242.0,242.5,243.0,68,45,163,96,122,239.5,242.0,239.0,237.5,261,214,1.0
20221108,2357,241.0,1,978,103819223,240.5,240.0,239.5,239.0,238.5,65,47,27,44,41,241.0,241.5,242.0,242.5,243.0,72,45,164,96,122,239.5,242.0,239.0,237.5,261,214,2.0
20221108,2357,241.0,1,979,103930048,240.5,240.0,239.5,239.0,238.5,64,47,27,44,41,241.0,241.5,242.0,242.5,243.0,72,45,164,97,122,239.5,242.0,239.0,237.5,261,214,2.0
20221108,2357,241.0,6,985,103959904,240.5,240.0,239.5,239.0,238.5,60,47,27,44,41,241.0,241.5,242.0,242.5,243.0,67,45,164,97,122,239.5,242.0,239.0,237.5,261,214,2.0
20221108,2357,241.0,1,986,104011893,240.5,240.0,239.5,239.0,238.5,59,47,27,44,41,241.0,241.5,242.0,242.5,243.0,66,45,164,97,122,239.5,242.0,239.0,237.5,261,214,2.0
20221108,2357,241.0,1,987,104011965,240.5,240.0,239.5,239.0,238.5,63,44,27,44,41,241.0,241.5,242.0,242.5,243.0,65,45,164,97,122,239.5,242.0,239.0,237.5,261,214,2.0
20221108,2357,241.0,1,988,104045172,240.5,240.0,239.5,239.0,238.5,63,43,27,44,41,241.0,241.5,242.0,242.5,243.0,64,45,164,97,122,239.5,242.0,239.0,237.5,261,214,2.0
20221108,2357,241.0,50,1038,104117146,240.5,240.0,239.5,239.0,238.5,68,43,27,44,41,241.0,241.5,242.0,242.5,243.0,14,45,164,97,122,239.5,242.0,239.0,237.5,261,214,2.0
20221108,2357,241.0,14,1052,104117173,241.0,240.5,240.0,239.5,239.0,22,91,41,27,32,241.5,242.0,242.5,243.0,243.5,45,164,95,124,17,239.5,242.0,239.0,237.5,261,214,2.0
20221108,2357,241.0,1,1053,104117203,241.0,240.5,240.0,239.5,239.0,43,91,41,23,32,241.5,242.0,242.5,243.0,243.5,45,164,95,124,24,239.5,242.0,239.0,237.5,261,214,2.0
20221108,2357,241.0,1,1054,104117224,241.0,240.5,240.0,239.5,239.0,63,48,37,41,65,241.5,242.0,242.5,243.0,243.5,49,169,95,124,26,239.5,242.0,239.0,237.5,261,214,2.0
20221108,2357,241.0,1,1055,104154652,241.0,240.5,240.0,239.5,239.0,66,46,36,41,65,241.5,242.0,242.5,243.0,243.5,52,169,95,124,26,239.5,242.0,239.0,237.5,261,214,1.0
20221108,2357,241.5,1,1056,104235937,241.0,240.5,240.0,239.5,239.0,67,46,36,41,65,241.5,242.0,242.5,243.0,243.5,52,165,95,124,26,239.5,242.0,239.0,237.5,261,214,2.0
20221108,2357,241.5,1,1057,104242486,241.0,240.5,240.0,239.5,239.0,68,45,40,41,65,241.5,242.0,242.5,243.0,243.5,54,164,96,124,26,239.5,242.0,239.0,237.5,261,214,2.0
20221108,2357,241.5,2,1059,104313202,241.0,240.5,240.0,239.5,239.0,68,46,40,41,65,241.5,242.0,242.5,243.0,243.5,52,164,96,124,26,239.5,242.0,239.0,237.5,261,214,2.0
20221108,2357,241.5,1,1060,104320170,241.0,240.5,240.0,239.5,239.0,64,47,40,41,65,241.5,242.0,242.5,243.0,243.5,49,164,96,124,26,239.5,242.0,239.0,237.5,261,214,2.0
20221108,2357,241.5,1,1061,104330217,241.0,240.5,240.0,239.5,239.0,65,49,42,37,65,241.5,242.0,242.5,243.0,243.5,50,172,96,124,26,239.5,242.0,239.0,237.5,261,214,2.0
20221108,2357,241.5,1,1062,104402131,241.0,240.5,240.0,239.5,239.0,66,52,42,37,65,241.5,242.0,242.5,243.0,243.5,98,166,96,124,26,239.5,242.0,239.0,237.5,261,214,2.0
20221108,2357,241.5,1,1063,104431972,241.0,240.5,240.0,239.5,239.0,66,52,44,37,65,241.5,242.0,242.5,243.0,243.5,96,169,96,124,26,239.5,242.0,239.0,237.5,261,214,2.0
20221108,2357,241.5,1,1064,104526100,241.0,240.5,240.0,239.5,239.0,74,52,44,37,65,241.5,242.0,242.5,243.0,243.5,96,169,96,124,26,239.5,242.0,239.0,237.5,261,214,0.0
20221108,2357,241.0,1,1065,104606412,241.0,240.5,240.0,239.5,239.0,73,52,44,37,65,241.5,242.0,242.5,243.0,243.5,96,169,96,124,26,239.5,242.0,239.0,237.5,261,214,2.0
20221108,2357,241.0,1,1066,104608174,241.0,240.5,240.0,239.5,239.0,72,52,44,37,65,241.5,242.0,242.5,243.0,243.5,96,169,96,124,26,239.5,242.0,239.0,237.5,261,214,2.0
20221108,2357,241.0,1,1067,104610823,241.0,240.5,240.0,239.5,239.0,72,52,44,37,65,241.5,242.0,242.5,243.0,243.5,96,169,96,124,27,239.5,242.0,239.0,237.5,261,214,2.0
20221108,2357,241.0,1,1068,104646180,241.0,240.5,240.0,239.5,239.0,71,52,44,37,65,241.5,242.0,242.5,243.0,243.5,95,169,96,124,27,239.5,242.0,239.0,237.5,261,214,1.0
20221108,2357,241.5,1,1069,104650214,241.0,240.5,240.0,239.5,239.0,71,52,45,37,66,241.5,242.0,242.5,243.0,243.5,98,169,96,124,27,239.5,242.0,239.0,237.5,261,214,2.0
20221108,2357,241.5,1,1070,104727493,241.0,240.5,240.0,239.5,239.0,71,53,44,37,66,241.5,242.0,242.5,243.0,243.5,97,168,95,125,27,239.5,242.0,239.0,237.5,261,214,0.0
20221108,2357,241.0,2,1072,104757059,241.0,240.5,240.0,239.5,239.0,69,53,44,37,66,241.5,242.0,242.5,243.0,243.5,96,168,95,125,27,239.5,242.0,239.0,237.5,261,214,2.0
20221108,2357,241.0,1,1073,104815602,241.0,240.5,240.0,239.5,239.0,69,30,44,38,65,241.5,242.0,242.5,243.0,243.5,102,168,95,127,25,239.5,242.0,239.0,237.5,261,214,2.0
20221108,2357,241.0,1,1074,104836594,241.0,240.5,240.0,239.5,239.0,68,30,44,38,65,241.5,242.0,242.5,243.0,243.5,102,168,95,127,25,239.5,242.0,239.0,237.5,261,214,2.0
20221108,2357,241.0,1,1075,104837335,241.0,240.5,240.0,239.5,239.0,67,31,44,38,65,241.5,242.0,242.5,243.0,243.5,102,169,95,126,25,239.5,242.0,239.0,237.5,261,214,1.0
20221108,2357,241.5,1,1076,104841963,241.0,240.5,240.0,239.5,239.0,66,29,42,42,65,241.5,242.0,242.5,243.0,243.5,106,168,95,125,25,239.5,242.0,239.0,237.5,261,214,0.0
20221108,2357,241.0,1,1077,104910899,241.0,240.5,240.0,239.5,239.0,66,29,42,42,65,241.5,242.0,242.5,243.0,243.5,107,170,95,125,25,239.5,242.0,239.0,237.5,261,214,1.0
20221108,2357,241.5,1,1078,104924212,241.0,240.5,240.0,239.5,239.0,66,29,42,42,65,241.5,242.0,242.5,243.0,243.5,106,170,95,125,26,239.5,242.0,239.0,237.5,261,214,0.0
20221108,2357,241.0,1,1079,104942339,241.0,240.5,240.0,239.5,239.0,65,31,48,42,65,241.5,242.0,242.5,243.0,243.5,110,168,95,124,26,239.5,242.0,239.0,237.5,261,214,2.0
20221108,2357,241.0,1,1080,105022901,241.0,240.5,240.0,239.5,239.0,64,30,49,42,64,241.5,242.0,242.5,243.0,243.5,120,163,95,125,26,239.5,242.0,239.0,237.5,261,214,2.0
20221108,2357,241.0,1,1081,105203628,241.0,240.5,240.0,239.5,239.0,63,31,47,42,64,241.5,242.0,242.5,243.0,243.5,121,163,95,125,26,239.5,242.0,239.0,237.5,261,214,2.0
20221108,2357,241.0,30,1111,105223828,241.0,240.5,240.0,239.5,239.0,33,31,47,42,64,241.5,242.0,242.5,243.0,243.5,121,163,95,125,26,239.5,242.0,239.0,237.5,261,214,2.0
20221108,2357,241.0,19,1144,105223857,240.5,240.0,239.5,239.0,238.5,24,47,42,64,26,241.0,241.5,242.0,242.5,243.0,20,120,163,95,125,239.5,242.0,239.0,237.5,261,214,2.0
20221108,2357,241.0,1,1145,105223906,240.5,240.0,239.5,239.0,238.5,23,47,42,64,26,241.0,241.5,242.0,242.5,243.0,19,120,163,95,125,239.5,242.0,239.0,237.5,261,214,2.0
20221108,2357,241.0,1,1146,105223912,240.5,240.0,239.5,239.0,238.5,22,47,42,64,26,241.0,241.5,242.0,242.5,243.0,32,114,163,95,139,239.5,242.0,239.0,237.5,261,214,0.0
20221108,2357,240.5,1,1147,105223999,240.5,240.0,239.5,239.0,238.5,25,48,42,64,26,241.0,241.5,242.0,242.5,243.0,26,105,163,97,137,239.5,242.0,239.0,237.5,261,214,2.0
20221108,2357,240.5,1,1148,105229424,240.5,240.0,239.5,239.0,238.5,24,48,42,64,26,241.0,241.5,242.0,242.5,243.0,27,104,163,97,137,239.5,242.0,239.0,237.5,261,214,2.0
20221108,2357,240.5,3,1151,105232657,240.5,240.0,239.5,239.0,238.5,26,44,42,64,26,241.0,241.5,242.0,242.5,243.0,28,109,163,97,137,239.5,242.0,239.0,237.5,261,214,1.0
20221108,2357,241.0,1,1152,105331085,240.5,240.0,239.5,239.0,238.5,30,44,42,64,26,241.0,241.5,242.0,242.5,243.0,25,109,163,97,137,239.5,242.0,239.0,237.5,261,214,2.0
20221108,2357,241.0,1,1153,105403172,240.5,240.0,239.5,239.0,238.5,30,44,42,64,26,241.0,241.5,242.0,242.5,243.0,36,102,163,97,137,239.5,242.0,239.0,237.5,261,214,2.0
20221108,2357,241.0,1,1154,105408006,240.5,240.0,239.5,239.0,238.5,28,44,42,64,26,241.0,241.5,242.0,242.5,243.0,41,99,163,97,137,239.5,242.0,239.0,237.5,261,214,0.0
20221108,2357,240.5,1,1155,105419469,240.5,240.0,239.5,239.0,238.5,34,44,42,64,26,241.0,241.5,242.0,242.5,243.0,46,99,163,97,137,239.5,242.0,239.0,237.5,261,214,2.0
20221108,2357,240.5,1,1156,105430337,240.5,240.0,239.5,239.0,238.5,33,44,42,64,26,241.0,241.5,242.0,242.5,243.0,45,99,163,97,137,239.5,242.0,239.0,237.5,261,214,2.0
20221108,2357,240.5,1,1157,105436811,240.5,240.0,239.5,239.0,238.5,34,44,42,64,26,241.0,241.5,242.0,242.5,243.0,45,99,163,97,137,239.5,242.0,239.0,237.5,261,214,2.0
20221108,2357,240.5,1,1158,105447171,240.5,240.0,239.5,239.0,238.5,32,44,42,64,26,241.0,241.5,242.0,242.5,243.0,43,96,167,97,137,239.5,242.0,239.0,237.5,261,214,1.0
20221108,2357,241.0,1,1159,105639038,240.5,240.0,239.5,239.0,238.5,38,44,42,70,26,241.0,241.5,242.0,242.5,243.0,49,94,167,97,137,239.5,242.0,239.0,237.5,261,214,0.0
20221108,2357,240.5,1,1177,105901766,240.5,240.0,239.5,239.0,238.5,18,42,42,76,26,241.0,241.5,242.0,242.5,243.0,57,94,167,97,137,239.5,242.0,239.0,237.5,261,214,2.0
20221108,2357,240.5,2,1179,105916982,240.5,240.0,239.5,239.0,238.5,16,42,42,76,26,241.0,241.5,242.0,242.5,243.0,57,94,167,97,137,239.5,242.0,239.0,237.5,261,214,1.0
20221108,2357,241.0,1,1180,105923928,240.5,240.0,239.5,239.0,238.5,14,42,42,76,26,241.0,241.5,242.0,242.5,243.0,57,96,166,97,138,239.5,242.0,239.0,237.5,261,214,0.0
20221108,2357,240.5,1,1181,110057975,240.5,240.0,239.5,239.0,238.5,13,42,42,76,26,241.0,241.5,242.0,242.5,243.0,57,96,166,97,138,239.5,242.0,239.0,237.5,261,214,2.0
20221108,2357,240.5,1,1182,110101262,240.5,240.0,239.5,239.0,238.5,12,42,42,76,26,241.0,241.5,242.0,242.5,243.0,58,96,165,97,138,239.5,242.0,239.0,237.5,261,214,2.0
20221108,2357,240.5,1,1183,110117163,240.5,240.0,239.5,239.0,238.5,11,42,42,76,26,241.0,241.5,242.0,242.5,243.0,58,96,165,97,138,239.5,242.0,239.0,237.5,261,214,2.0
20221108,2357,240.5,1,1184,110119669,240.5,240.0,239.5,239.0,238.5,11,38,42,76,26,241.0,241.5,242.0,242.5,243.0,61,95,163,97,138,239.5,242.0,239.0,237.5,261,214,1.0
20221108,2357,241.0,1,1185,110211802,240.5,240.0,239.5,239.0,238.5,11,38,42,76,24,241.0,241.5,242.0,242.5,243.0,60,95,163,98,138,239.5,242.0,239.0,237.5,261,214,2.0
20221108,2357,241.0,3,1188,110251155,240.5,240.0,239.5,239.0,238.5,11,38,42,76,24,241.0,241.5,242.0,242.5,243.0,62,95,158,98,138,239.5,242.0,239.0,237.5,261,214,2.0
20221108,2357,241.0,1,1189,110259065,240.5,240.0,239.5,239.0,238.5,13,37,42,75,24,241.0,241.5,242.0,242.5,243.0,57,95,158,98,138,239.5,242.0,239.0,237.5,261,214,0.0
20221108,2357,240.5,1,1190,110350225,240.5,240.0,239.5,239.0,238.5,12,36,42,75,24,241.0,241.5,242.0,242.5,243.0,57,95,158,98,138,239.5,242.0,239.0,237.5,261,214,1.0
20221108,2357,241.0,1,1191,110400329,240.5,240.0,239.5,239.0,238.5,11,36,42,75,24,241.0,241.5,242.0,242.5,243.0,56,95,158,98,138,239.5,242.0,239.0,237.5,261,214,0.0
20221108,2357,240.5,3,1194,110401185,240.5,240.0,239.5,239.0,238.5,8,36,42,75,24,241.0,241.5,242.0,242.5,243.0,56,95,158,98,138,239.5,242.0,239.0,237.5,261,214,2.0
20221108,2357,240.5,5,1199,110410309,240.5,240.0,239.5,239.0,238.5,3,36,42,75,24,241.0,241.5,242.0,242.5,243.0,61,95,158,98,138,239.5,242.0,239.0,237.5,261,214,2.0
20221108,2357,240.5,1,1200,110412720,240.5,240.0,239.5,239.0,238.5,2,36,42,75,24,241.0,241.5,242.0,242.5,243.0,61,95,157,98,138,239.5,242.0,239.0,237.5,261,214,2.0
20221108,2357,240.5,2,1202,110421897,240.0,239.5,239.0,238.5,238.0,46,29,42,54,53,240.5,241.0,241.5,242.0,242.5,1,58,95,157,114,239.5,242.0,239.0,237.5,261,214,2.0
20221108,2357,240.5,1,1203,110432199,240.5,240.0,239.5,239.0,238.5,2,39,29,58,38,241.0,241.5,242.0,242.5,243.0,68,95,157,98,138,239.5,242.0,239.0,237.5,261,214,1.0
20221108,2357,241.0,1,1204,110440109,240.5,240.0,239.5,239.0,238.5,3,39,29,58,38,241.0,241.5,242.0,242.5,243.0,68,95,157,99,137,239.5,242.0,239.0,237.5,261,214,2.0
20221108,2357,241.0,1,1205,110446195,240.5,240.0,239.5,239.0,238.5,3,39,29,58,38,241.0,241.5,242.0,242.5,243.0,68,95,157,99,137,239.5,242.0,239.0,237.5,261,214,0.0
20221108,2357,240.5,3,1208,110453413,240.0,239.5,239.0,238.5,238.0,49,29,42,54,53,240.5,241.0,241.5,242.0,242.5,29,49,95,159,111,239.5,242.0,239.0,237.5,261,214,0.0
20221108,2357,240.0,1,1209,110530558,240.0,239.5,239.0,238.5,238.0,48,27,42,54,53,240.5,241.0,241.5,242.0,242.5,35,47,93,168,113,239.5,242.0,239.0,237.5,261,214,2.0
20221108,2357,240.0,1,1210,110641757,240.0,239.5,239.0,238.5,238.0,47,27,42,54,53,240.5,241.0,241.5,242.0,242.5,35,47,93,168,113,239.5,242.0,239.0,237.5,261,214,2.0
20221108,2357,240.0,3,1213,110647256,240.0,239.5,239.0,238.5,238.0,51,27,45,54,54,240.5,241.0,241.5,242.0,242.5,39,45,93,173,113,239.5,242.0,239.0,237.5,261,214,2.0
20221108,2357,240.0,1,1214,110752450,240.0,239.5,239.0,238.5,238.0,51,26,45,54,54,240.5,241.0,241.5,242.0,242.5,38,46,93,173,113,239.5,242.0,239.0,237.5,261,214,2.0
20221108,2357,240.0,2,1216,110924091,240.0,239.5,239.0,238.5,238.0,49,26,45,54,54,240.5,241.0,241.5,242.0,242.5,41,43,93,173,113,239.5,242.0,239.0,237.5,261,214,1.0
20221108,2357,240.5,1,1217,111006913,240.0,239.5,239.0,238.5,238.0,49,26,45,54,54,240.5,241.0,241.5,242.0,242.5,41,43,95,175,113,239.5,242.0,239.0,237.5,261,214,0.0
20221108,2357,240.0,1,1218,111128598,240.0,239.5,239.0,238.5,238.0,50,26,45,54,54,240.5,241.0,241.5,242.0,242.5,36,43,96,174,113,239.5,242.0,239.0,237.5,261,214,1.0
20221108,2357,240.5,1,1219,111227035,240.0,239.5,239.0,238.5,238.0,50,26,45,54,54,240.5,241.0,241.5,242.0,242.5,35,46,94,175,113,239.5,242.0,239.0,237.5,261,214,0.0
20221108,2357,240.0,1,1220,111401797,240.0,239.5,239.0,238.5,238.0,49,27,45,54,54,240.5,241.0,241.5,242.0,242.5,35,46,94,175,113,239.5,242.0,239.0,237.5,261,214,1.0
20221108,2357,240.5,1,1221,111403059,240.0,239.5,239.0,238.5,238.0,50,25,45,54,54,240.5,241.0,241.5,242.0,242.5,36,46,126,176,113,239.5,242.0,239.0,237.5,261,214,2.0
20221108,2357,240.5,1,1222,111528106,240.0,239.5,239.0,238.5,238.0,57,25,45,54,54,240.5,241.0,241.5,242.0,242.5,35,48,125,175,113,239.5,242.0,239.0,237.5,261,214,0.0
20221108,2357,240.0,2,1224,111647512,240.0,239.5,239.0,238.5,238.0,55,25,45,54,54,240.5,241.0,241.5,242.0,242.5,37,48,125,177,113,239.5,242.0,239.0,237.5,261,214,2.0
20221108,2357,240.0,1,1225,111708371,240.0,239.5,239.0,238.5,238.0,56,25,45,54,54,240.5,241.0,241.5,242.0,242.5,38,49,125,177,113,239.5,242.0,239.0,237.5,261,214,2.0
20221108,2357,240.0,1,1226,111807984,240.0,239.5,239.0,238.5,238.0,55,25,45,54,54,240.5,241.0,241.5,242.0,242.5,38,49,125,177,113,239.5,242.0,239.0,237.5,261,214,1.0
20221108,2357,240.5,1,1227,111841647,240.0,239.5,239.0,238.5,238.0,54,25,45,54,54,240.5,241.0,241.5,242.0,242.5,37,49,125,177,113,239.5,242.0,239.0,237.5,261,214,2.0
20221108,2357,240.5,1,1228,111847116,240.0,239.5,239.0,238.5,238.0,53,25,45,54,54,240.5,241.0,241.5,242.0,242.5,29,49,125,177,113,239.5,242.0,239.0,237.5,261,214,2.0
20221108,2357,240.5,10,1238,111934626,240.0,239.5,239.0,238.5,238.0,57,25,45,54,54,240.5,241.0,241.5,242.0,242.5,24,47,125,177,113,239.5,242.0,239.0,237.5,261,214,2.0
20221108,2357,240.5,1,1239,111943950,240.0,239.5,239.0,238.5,238.0,57,25,45,54,54,240.5,241.0,241.5,242.0,242.5,23,47,125,177,113,239.5,242.0,239.0,237.5,261,214,2.0
20221108,2357,240.5,1,1240,111943998,240.0,239.5,239.0,238.5,238.0,56,25,45,54,54,240.5,241.0,241.5,242.0,242.5,22,47,125,177,113,239.5,242.0,239.0,237.5,261,214,2.0
20221108,2357,240.5,7,1247,111944926,240.0,239.5,239.0,238.5,238.0,49,25,45,54,54,240.5,241.0,241.5,242.0,242.5,15,47,125,177,113,239.5,242.0,239.0,237.5,261,214,2.0
20221108,2357,240.5,1,1248,111944941,240.0,239.5,239.0,238.5,238.0,48,25,45,54,54,240.5,241.0,241.5,242.0,242.5,14,47,125,177,113,239.5,242.0,239.0,237.5,261,214,2.0
20221108,2357,240.5,1,1249,111953344,240.0,239.5,239.0,238.5,238.0,55,27,45,54,54,240.5,241.0,241.5,242.0,242.5,13,47,125,177,113,239.5,242.0,239.0,237.5,261,214,2.0
20221108,2357,240.5,2,1251,112003762,240.0,239.5,239.0,238.5,238.0,53,27,45,54,54,240.5,241.0,241.5,242.0,242.5,11,47,125,175,115,239.5,242.0,239.0,237.5,261,214,2.0
20221108,2357,240.5,11,1262,112006107,240.0,239.5,239.0,238.5,238.0,57,27,45,46,54,240.5,241.0,241.5,242.0,242.5,1,43,125,175,115,239.5,242.0,239.0,237.5,261,214,2.0
20221108,2357,240.5,1,1263,112006294,240.0,239.5,239.0,238.5,238.0,56,27,45,46,54,240.5,241.0,241.5,242.0,242.5,2,41,125,175,115,239.5,242.0,239.0,237.5,261,214,2.0
20221108,2357,240.5,1,1264,112006978,240.0,239.5,239.0,238.5,238.0,56,27,45,46,54,240.5,241.0,241.5,242.0,242.5,1,41,125,175,115,239.5,242.0,239.0,237.5,261,214,2.0
20221108,2357,240.5,1,1265,112007888,240.0,239.5,239.0,238.5,238.0,56,27,45,46,54,240.5,241.0,241.5,242.0,242.5,6,36,125,175,115,239.5,242.0,239.0,237.5,261,214,2.0
20221108,2357,240.5,6,1271,112015374,240.0,239.5,239.0,238.5,238.0,52,27,45,46,54,240.5,241.0,241.5,242.0,242.5,12,35,129,174,115,239.5,242.0,239.0,237.5,261,214,0.0
20221108,2357,240.0,1,1272,112016028,240.0,239.5,239.0,238.5,238.0,47,28,45,46,54,240.5,241.0,241.5,242.0,242.5,13,35,126,176,113,239.5,242.0,239.0,237.5,261,214,1.0
20221108,2357,240.5,1,1273,112049055,240.0,239.5,239.0,238.5,238.0,47,27,45,48,55,240.5,241.0,241.5,242.0,242.5,18,35,126,176,113,239.5,242.0,239.0,237.5,261,214,2.0
20221108,2357,240.5,1,1274,112151896,240.0,239.5,239.0,238.5,238.0,47,27,45,48,55,240.5,241.0,241.5,242.0,242.5,17,35,126,176,113,239.5,242.0,239.0,237.5,261,214,2.0
20221108,2357,240.5,1,1275,112156030,240.0,239.5,239.0,238.5,238.0,47,27,45,48,55,240.5,241.0,241.5,242.0,242.5,13,35,126,176,113,239.5,242.0,239.0,237.5,261,214,0.0
20221108,2357,240.0,2,1277,112208621,240.0,239.5,239.0,238.5,238.0,45,27,45,48,55,240.5,241.0,241.5,242.0,242.5,13,35,126,178,113,239.5,242.0,239.0,237.5,261,214,1.0
20221108,2357,240.5,6,1283,112230132,240.0,239.5,239.0,238.5,238.0,45,27,45,48,55,240.5,241.0,241.5,242.0,242.5,12,34,126,178,114,239.5,242.0,239.0,237.5,261,214,2.0
20221108,2357,240.5,2,1285,112353602,240.0,239.5,239.0,238.5,238.0,44,27,45,48,55,240.5,241.0,241.5,242.0,242.5,10,34,126,178,114,239.5,242.0,239.0,237.5,261,214,2.0
20221108,2357,240.5,1,1286,112353618,240.0,239.5,239.0,238.5,238.0,44,27,45,48,55,240.5,241.0,241.5,242.0,242.5,6,34,126,176,116,239.5,242.0,239.0,237.5,261,214,2.0
20221108,2357,240.5,1,1287,112354024,240.0,239.5,239.0,238.5,238.0,47,27,45,48,55,240.5,241.0,241.5,242.0,242.5,9,34,126,176,116,239.5,242.0,239.0,237.5,261,214,2.0
20221108,2357,240.5,1,1288,112407083,240.0,239.5,239.0,238.5,238.0,48,27,45,48,55,240.5,241.0,241.5,242.0,242.5,8,35,126,176,116,239.5,242.0,239.0,237.5,261,214,2.0
20221108,2357,240.5,2,1290,112420267,240.0,239.5,239.0,238.5,238.0,48,27,45,48,55,240.5,241.0,241.5,242.0,242.5,6,35,126,176,116,239.5,242.0,239.0,237.5,261,214,2.0
20221108,2357,240.5,1,1291,112421053,240.0,239.5,239.0,238.5,238.0,53,27,44,48,55,240.5,241.0,241.5,242.0,242.5,10,36,126,177,116,239.5,242.0,239.0,237.5,261,214,2.0
20221108,2357,240.5,1,1292,112611029,240.0,239.5,239.0,238.5,238.0,53,27,44,48,55,240.5,241.0,241.5,242.0,242.5,11,35,126,177,116,239.5,242.0,239.0,237.5,261,214,0.0
20221108,2357,240.0,2,1294,112618819,240.0,239.5,239.0,238.5,238.0,50,28,44,48,55,240.5,241.0,241.5,242.0,242.5,14,35,126,179,114,239.5,242.0,239.0,237.5,261,214,2.0
20221108,2357,240.0,2,1296,112729490,240.0,239.5,239.0,238.5,238.0,52,28,44,48,55,240.5,241.0,241.5,242.0,242.5,17,35,126,181,114,239.5,242.0,239.0,237.5,261,214,1.0
20221108,2357,240.5,1,1297,112845025,240.0,239.5,239.0,238.5,238.0,52,28,44,48,55,240.5,241.0,241.5,242.0,242.5,16,35,126,181,114,239.5,242.0,239.0,237.5,261,214,2.0
20221108,2357,240.5,1,1298,112900107,240.0,239.5,239.0,238.5,238.0,51,27,44,48,55,240.5,241.0,241.5,242.0,242.5,18,38,126,181,114,239.5,242.0,239.0,237.5,261,214,0.0
20221108,2357,240.0,1,1299,113000414,240.0,239.5,239.0,238.5,238.0,50,28,44,48,55,240.5,241.0,241.5,242.0,242.5,18,39,125,182,114,239.5,242.0,239.0,237.5,261,214,1.0
20221108,2357,240.5,1,1300,113052788,240.0,239.5,239.0,238.5,238.0,50,28,44,48,55,240.5,241.0,241.5,242.0,242.5,19,39,125,182,114,239.5,242.0,239.0,237.5,261,214,2.0
20221108,2357,240.5,1,1301,113123231,240.0,239.5,239.0,238.5,238.0,50,28,44,48,55,240.5,241.0,241.5,242.0,242.5,18,39,125,182,114,239.5,242.0,239.0,237.5,261,214,2.0
20221108,2357,240.5,1,1302,113124028,240.0,239.5,239.0,238.5,238.0,50,28,44,48,55,240.5,241.0,241.5,242.0,242.5,17,39,125,182,114,239.5,242.0,239.0,237.5,261,214,2.0
20221108,2357,240.5,1,1303,113132103,240.0,239.5,239.0,238.5,238.0,50,29,44,48,55,240.5,241.0,241.5,242.0,242.5,17,39,125,182,114,239.5,242.0,239.0,237.5,261,214,2.0
20221108,2357,240.5,1,1304,113150406,240.0,239.5,239.0,238.5,238.0,50,29,44,48,55,240.5,241.0,241.5,242.0,242.5,15,40,125,183,114,239.5,242.0,239.0,237.5,261,214,2.0
20221108,2357,240.5,7,1311,113245146,240.0,239.5,239.0,238.5,238.0,50,29,44,48,55,240.5,241.0,241.5,242.0,242.5,11,40,125,181,116,239.5,242.0,239.0,237.5,261,214,0.0
20221108,2357,240.0,1,1312,113257640,240.0,239.5,239.0,238.5,238.0,49,29,44,48,55,240.5,241.0,241.5,242.0,242.5,11,40,125,181,116,239.5,242.0,239.0,237.5,261,214,1.0
20221108,2357,240.5,1,1313,113313035,240.0,239.5,239.0,238.5,238.0,49,30,44,48,55,240.5,241.0,241.5,242.0,242.5,12,40,125,185,114,239.5,242.0,239.0,237.5,261,214,2.0
20221108,2357,240.5,1,1314,113345980,240.0,239.5,239.0,238.5,238.0,49,30,44,48,55,240.5,241.0,241.5,242.0,242.5,17,40,123,231,114,239.5,242.0,239.0,237.5,261,214,2.0
20221108,2357,240.5,1,1315,113514217,240.0,239.5,239.0,238.5,238.0,49,30,44,48,55,240.5,241.0,241.5,242.0,242.5,17,40,123,232,114,239.5,242.0,239.0,237.5,261,214,0.0
20221108,2357,240.0,1,1316,113554544,240.0,239.5,239.0,238.5,238.0,48,30,44,48,55,240.5,241.0,241.5,242.0,242.5,17,40,123,232,114,239.5,242.0,239.0,237.5,261,214,2.0
20221108,2357,240.0,1,1317,113555343,240.0,239.5,239.0,238.5,238.0,47,30,44,48,55,240.5,241.0,241.5,242.0,242.5,18,40,123,232,114,239.5,242.0,239.0,237.5,261,214,1.0
20221108,2357,240.5,1,1318,113615050,240.0,239.5,239.0,238.5,238.0,47,30,44,48,55,240.5,241.0,241.5,242.0,242.5,17,40,123,232,114,239.5,242.0,239.0,237.5,261,214,2.0
20221108,2357,240.5,1,1319,113626718,240.0,239.5,239.0,238.5,238.0,48,30,44,48,55,240.5,241.0,241.5,242.0,242.5,16,40,123,232,114,239.5,242.0,239.0,237.5,261,214,2.0
20221108,2357,240.5,1,1320,113630203,240.0,239.5,239.0,238.5,238.0,48,30,44,48,55,240.5,241.0,241.5,242.0,242.5,15,40,123,232,114,239.5,242.0,239.0,237.5,261,214,2.0
20221108,2357,240.5,1,1321,113653011,240.0,239.5,239.0,238.5,238.0,48,30,44,48,55,240.5,241.0,241.5,242.0,242.5,15,40,123,232,114,239.5,242.0,239.0,237.5,261,214,0.0
20221108,2357,240.0,1,1322,113700197,240.0,239.5,239.0,238.5,238.0,47,30,44,48,55,240.5,241.0,241.5,242.0,242.5,15,40,123,232,114,239.5,242.0,239.0,237.5,261,214,1.0
20221108,2357,240.5,1,1323,113700900,240.0,239.5,239.0,238.5,238.0,47,30,44,48,55,240.5,241.0,241.5,242.0,242.5,14,40,123,232,114,239.5,242.0,239.0,237.5,261,214,2.0
20221108,2357,240.5,1,1324,113709832,240.0,239.5,239.0,238.5,238.0,52,30,44,48,55,240.5,241.0,241.5,242.0,242.5,12,40,123,233,114,239.5,242.0,239.0,237.5,261,214,2.0
20221108,2357,240.5,1,1325,113757218,240.0,239.5,239.0,238.5,238.0,46,30,44,48,55,240.5,241.0,241.5,242.0,242.5,10,41,123,231,116,239.5,242.0,239.0,237.5,261,214,2.0
20221108,2357,240.5,1,1326,113810742,240.0,239.5,239.0,238.5,238.0,46,30,44,48,55,240.5,241.0,241.5,242.0,242.5,9,41,123,231,116,239.5,242.0,239.0,237.5,261,214,2.0
20221108,2357,240.5,1,1327,113810799,240.0,239.5,239.0,238.5,238.0,45,30,44,48,55,240.5,241.0,241.5,242.0,242.5,7,41,123,231,116,239.5,242.0,239.0,237.5,261,214,2.0
20221108,2357,240.5,1,1328,113811108,240.0,239.5,239.0,238.5,238.0,45,30,44,48,55,240.5,241.0,241.5,242.0,242.5,7,41,123,231,116,239.5,242.0,239.0,237.5,261,214,2.0
20221108,2357,240.5,1,1329,113820461,240.0,239.5,239.0,238.5,238.0,45,30,44,48,55,240.5,241.0,241.5,242.0,242.5,7,41,123,231,116,239.5,242.0,239.0,237.5,261,214,2.0
20221108,2357,240.5,1,1330,113843897,240.0,239.5,239.0,238.5,238.0,45,30,44,48,55,240.5,241.0,241.5,242.0,242.5,6,41,123,231,116,239.5,242.0,239.0,237.5,261,214,0.0
20221108,2357,240.0,1,1331,113851448,240.0,239.5,239.0,238.5,238.0,44,31,45,48,55,240.5,241.0,241.5,242.0,242.5,6,40,122,233,117,239.5,242.0,239.0,237.5,261,214,1.0
20221108,2357,240.5,3,1334,113931090,240.0,239.5,239.0,238.5,238.0,44,31,45,48,55,240.5,241.0,241.5,242.0,242.5,4,40,122,233,117,239.5,242.0,239.0,237.5,261,214,2.0
20221108,2357,240.5,1,1335,113951237,240.0,239.5,239.0,238.5,238.0,44,30,45,48,56,240.5,241.0,241.5,242.0,242.5,6,41,113,232,117,239.5,242.0,239.0,237.5,261,214,2.0
20221108,2357,240.5,1,1336,114051979,240.0,239.5,239.0,238.5,238.0,44,30,45,48,56,240.5,241.0,241.5,242.0,242.5,5,41,113,232,117,239.5,242.0,239.0,237.5,261,214,2.0
20221108,2357,240.5,1,1337,114117733,240.0,239.5,239.0,238.5,238.0,45,29,45,48,56,240.5,241.0,241.5,242.0,242.5,5,41,113,232,117,239.5,242.0,239.0,237.5,261,214,0.0
20221108,2357,240.0,1,1338,114148604,240.0,239.5,239.0,238.5,238.0,44,29,45,48,56,240.5,241.0,241.5,242.0,242.5,7,40,113,232,117,239.5,242.0,239.0,237.5,261,214,1.0
20221108,2357,240.5,1,1339,114215129,240.0,239.5,239.0,238.5,238.0,44,29,45,48,56,240.5,241.0,241.5,242.0,242.5,13,40,113,235,115,239.5,242.0,239.0,237.5,261,214,2.0
20221108,2357,240.5,1,1340,114321933,240.0,239.5,239.0,238.5,238.0,44,29,46,48,56,240.5,241.0,241.5,242.0,242.5,14,41,113,236,115,239.5,242.0,239.0,237.5,261,214,2.0
20221108,2357,240.5,1,1341,114411556,240.0,239.5,239.0,238.5,238.0,44,30,51,48,57,240.5,241.0,241.5,242.0,242.5,13,42,113,238,115,239.5,242.0,239.0,237.5,261,214,2.0
20221108,2357,240.5,1,1342,114438343,240.0,239.5,239.0,238.5,238.0,44,30,51,48,57,240.5,241.0,241.5,242.0,242.5,11,42,113,236,117,239.5,242.0,239.0,237.5,261,214,2.0
20221108,2357,240.5,3,1345,114444886,240.0,239.5,239.0,238.5,238.0,44,30,51,48,57,240.5,241.0,241.5,242.0,242.5,7,42,113,236,117,239.5,242.0,239.0,237.5,261,214,0.0
20221108,2357,240.0,1,1346,114445696,240.0,239.5,239.0,238.5,238.0,43,30,51,48,56,240.5,241.0,241.5,242.0,242.5,8,42,113,236,117,239.5,242.0,239.0,237.5,261,214,1.0
20221108,2357,240.5,1,1347,114457736,240.0,239.5,239.0,238.5,238.0,45,30,51,48,56,240.5,241.0,241.5,242.0,242.5,4,42,113,236,117,239.5,242.0,239.0,237.5,261,214,2.0
20221108,2357,240.5,2,1349,114502390,240.0,239.5,239.0,238.5,238.0,45,30,51,48,56,240.5,241.0,241.5,242.0,242.5,1,42,113,236,117,239.5,242.0,239.0,237.5,261,214,2.0
20221108,2357,240.5,1,1350,114503388,240.5,240.0,239.5,239.0,238.5,13,25,28,51,56,241.0,241.5,242.0,242.5,243.0,52,114,238,120,116,239.5,242.0,239.0,237.5,261,214,1.0
20221108,2357,241.0,1,1351,114735991,240.5,240.0,239.5,239.0,238.5,14,25,28,51,56,241.0,241.5,242.0,242.5,243.0,51,114,238,117,119,239.5,242.0,239.0,237.5,261,214,0.0
20221108,2357,240.5,1,1352,114743482,240.5,240.0,239.5,239.0,238.5,23,22,28,51,54,241.0,241.5,242.0,242.5,243.0,50,114,238,116,120,239.5,242.0,239.0,237.5,261,214,2.0
20221108,2357,240.5,1,1353,114840715,240.5,240.0,239.5,239.0,238.5,22,22,28,51,54,241.0,241.5,242.0,242.5,243.0,50,114,240,116,120,239.5,242.0,239.0,237.5,261,214,2.0
20221108,2357,240.5,1,1354,114848657,240.5,240.0,239.5,239.0,238.5,24,22,28,51,54,241.0,241.5,242.0,242.5,243.0,57,113,244,115,120,239.5,242.0,239.0,237.5,261,214,1.0
20221108,2357,241.0,1,1355,115020877,240.5,240.0,239.5,239.0,238.5,24,22,28,51,54,241.0,241.5,242.0,242.5,243.0,57,112,244,115,120,239.5,242.0,239.0,237.5,261,214,0.0
20221108,2357,240.5,1,1356,115040547,240.5,240.0,239.5,239.0,238.5,26,22,28,51,54,241.0,241.5,242.0,242.5,243.0,58,112,244,115,120,239.5,242.0,239.0,237.5,261,214,1.0
20221108,2357,241.0,1,1357,115244890,240.5,240.0,239.5,239.0,238.5,26,22,28,51,54,241.0,241.5,242.0,242.5,243.0,59,112,244,115,120,239.5,242.0,239.0,237.5,261,214,2.0
20221108,2357,241.0,1,1358,115257139,240.5,240.0,239.5,239.0,238.5,28,22,28,51,54,241.0,241.5,242.0,242.5,243.0,58,112,244,115,120,239.5,242.0,239.0,237.5,261,214,0.0
20221108,2357,240.5,1,1359,115337657,240.5,240.0,239.5,239.0,238.5,27,22,28,51,54,241.0,241.5,242.0,242.5,243.0,59,112,244,115,120,239.5,242.0,239.0,237.5,261,214,2.0
20221108,2357,240.5,1,1360,115351934,240.5,240.0,239.5,239.0,238.5,28,21,29,61,54,241.0,241.5,242.0,242.5,243.0,63,112,249,115,120,239.5,242.0,239.0,237.5,261,214,2.0
20221108,2357,240.5,1,1361,115634513,240.5,240.0,239.5,239.0,238.5,34,25,35,64,54,241.0,241.5,242.0,242.5,243.0,61,112,249,115,120,239.5,242.0,239.0,237.5,261,214,1.0
20221108,2357,241.0,1,1362,115818969,240.5,240.0,239.5,239.0,238.5,35,28,35,64,54,241.0,241.5,242.0,242.5,243.0,73,112,250,115,121,239.5,242.0,239.0,237.5,261,214,0.0
20221108,2357,240.5,1,1363,115931423,240.5,240.0,239.5,239.0,238.5,34,28,36,64,54,241.0,241.5,242.0,242.5,243.0,74,112,250,115,121,239.5,242.0,239.0,237.5,261,214,1.0
20221108,2357,241.0,1,1364,115948859,240.5,240.0,239.5,239.0,238.5,34,28,36,64,54,241.0,241.5,242.0,242.5,243.0,73,112,250,115,121,239.5,242.0,239.0,237.5,261,214,0.0
20221108,2357,240.5,1,1365,115953448,240.5,240.0,239.5,239.0,238.5,41,28,36,67,54,241.0,241.5,242.0,242.5,243.0,77,114,252,116,121,239.5,242.0,239.0,237.5,261,214,1.0
20221108,2357,241.0,1,1366,120215878,240.5,240.0,239.5,239.0,238.5,44,28,36,67,54,241.0,241.5,242.0,242.5,243.0,76,114,252,116,121,239.5,242.0,239.0,237.5,261,214,0.0
20221108,2357,240.5,1,1367,120228624,240.5,240.0,239.5,239.0,238.5,51,20,38,66,54,241.0,241.5,242.0,242.5,243.0,78,114,252,116,121,239.5,242.0,239.0,237.5,261,214,1.0
20221108,2357,241.0,1,1368,120340170,240.5,240.0,239.5,239.0,238.5,58,19,39,66,54,241.0,241.5,242.0,242.5,243.0,81,113,252,116,121,239.5,242.0,239.0,237.5,261,214,0.0
20221108,2357,240.5,1,1369,120444672,240.5,240.0,239.5,239.0,238.5,57,19,39,66,54,241.0,241.5,242.0,242.5,243.0,81,113,252,116,120,239.5,242.0,239.0,237.5,261,214,2.0
20221108,2357,240.5,1,1370,120511981,240.5,240.0,239.5,239.0,238.5,55,20,39,65,54,241.0,241.5,242.0,242.5,243.0,81,112,252,116,120,239.5,242.0,239.0,237.5,261,214,2.0
20221108,2357,240.5,1,1371,120526599,240.5,240.0,239.5,239.0,238.5,55,20,39,67,54,241.0,241.5,242.0,242.5,243.0,83,112,254,116,120,239.5,242.0,239.0,237.5,261,214,1.0
20221108,2357,241.0,1,1372,120656715,240.5,240.0,239.5,239.0,238.5,55,20,39,67,54,241.0,241.5,242.0,242.5,243.0,82,112,254,116,120,239.5,242.0,239.0,237.5,261,214,2.0
20221108,2357,241.0,1,1373,120659981,240.5,240.0,239.5,239.0,238.5,55,20,39,67,54,241.0,241.5,242.0,242.5,243.0,81,112,254,116,120,239.5,242.0,239.0,237.5,261,214,0.0
20221108,2357,240.5,20,1393,120721552,240.5,240.0,239.5,239.0,238.5,42,18,39,68,54,241.0,241.5,242.0,242.5,243.0,81,112,254,116,120,239.5,242.0,239.0,237.5,261,214,2.0
20221108,2357,240.5,1,1394,120816033,240.5,240.0,239.5,239.0,238.5,42,18,39,68,54,241.0,241.5,242.0,242.5,243.0,82,112,254,116,120,239.5,242.0,239.0,237.5,261,214,2.0
20221108,2357,240.5,1,1395,120823452,240.5,240.0,239.5,239.0,238.5,41,18,39,68,54,241.0,241.5,242.0,242.5,243.0,83,112,253,116,120,239.5,242.0,239.0,237.5,261,214,1.0
20221108,2357,241.0,1,1396,120900939,240.5,240.0,239.5,239.0,238.5,41,18,39,68,54,241.0,241.5,242.0,242.5,243.0,82,112,253,116,120,239.5,242.0,239.0,237.5,261,214,2.0
20221108,2357,241.0,1,1397,120917726,240.5,240.0,239.5,239.0,238.5,42,18,38,70,54,241.0,241.5,242.0,242.5,243.0,81,111,251,116,120,239.5,242.0,239.0,237.5,261,214,2.0
20221108,2357,241.0,5,1402,121052349,240.5,240.0,239.5,239.0,238.5,38,18,38,70,54,241.0,241.5,242.0,242.5,243.0,77,111,251,116,120,239.5,242.0,239.0,237.5,261,214,0.0
20221108,2357,240.5,1,1403,121120584,240.5,240.0,239.5,239.0,238.5,38,18,38,75,54,241.0,241.5,242.0,242.5,243.0,80,111,252,116,125,239.5,242.0,239.0,237.5,261,214,1.0
20221108,2357,241.0,1,1404,121158813,240.5,240.0,239.5,239.0,238.5,38,18,38,75,54,241.0,241.5,242.0,242.5,243.0,79,111,254,116,120,239.5,242.0,239.0,237.5,261,214,0.0
20221108,2357,240.5,1,1405,121223632,240.5,240.0,239.5,239.0,238.5,37,18,38,75,54,241.0,241.5,242.0,242.5,243.0,79,111,254,116,120,239.5,242.0,239.0,237.5,261,214,2.0
20221108,2357,240.5,1,1406,121227274,240.5,240.0,239.5,239.0,238.5,35,18,38,75,54,241.0,241.5,242.0,242.5,243.0,78,111,254,116,120,239.5,242.0,239.0,237.5,261,214,2.0
20221108,2357,240.5,1,1407,121259074,240.5,240.0,239.5,239.0,238.5,34,18,38,75,54,241.0,241.5,242.0,242.5,243.0,78,111,254,116,120,239.5,242.0,239.0,237.5,261,214,2.0
20221108,2357,240.5,2,1409,121317663,240.5,240.0,239.5,239.0,238.5,35,18,38,75,54,241.0,241.5,242.0,242.5,243.0,78,110,254,116,120,239.5,242.0,239.0,237.5,261,214,2.0
20221108,2357,240.5,1,1410,121417676,240.5,240.0,239.5,239.0,238.5,39,18,38,75,54,241.0,241.5,242.0,242.5,243.0,78,110,254,116,120,239.5,242.0,239.0,237.5,261,214,1.0
20221108,2357,241.0,1,1411,121423191,240.5,240.0,239.5,239.0,238.5,48,18,38,75,54,241.0,241.5,242.0,242.5,243.0,77,111,254,116,120,239.5,242.0,239.0,237.5,261,214,0.0
20221108,2357,240.5,1,1412,121607809,240.5,240.0,239.5,239.0,238.5,47,18,38,75,54,241.0,241.5,242.0,242.5,243.0,77,111,254,116,120,239.5,242.0,239.0,237.5,261,214,2.0
20221108,2357,240.5,1,1413,121620255,240.5,240.0,239.5,239.0,238.5,47,18,38,75,54,241.0,241.5,242.0,242.5,243.0,77,111,254,116,120,239.5,242.0,239.0,237.5,261,214,2.0
20221108,2357,240.5,1,1414,121714490,240.5,240.0,239.5,239.0,238.5,45,18,38,76,54,241.0,241.5,242.0,242.5,243.0,78,110,256,116,120,239.5,242.0,239.0,237.5,261,214,1.0
20221108,2357,241.0,1,1415,121846738,240.5,240.0,239.5,239.0,238.5,45,18,38,76,54,241.0,241.5,242.0,242.5,243.0,79,111,257,114,120,239.5,242.0,239.0,237.5,261,214,2.0
20221108,2357,241.0,3,1418,121937661,240.5,240.0,239.5,239.0,238.5,45,18,38,76,54,241.0,241.5,242.0,242.5,243.0,76,111,257,114,120,239.5,242.0,239.0,237.5,261,214,2.0
20221108,2357,241.0,1,1419,121943919,240.5,240.0,239.5,239.0,238.5,45,18,38,76,54,241.0,241.5,242.0,242.5,243.0,76,111,257,114,120,239.5,242.0,239.0,237.5,261,214,0.0
20221108,2357,240.5,1,1420,122012408,240.5,240.0,239.5,239.0,238.5,44,18,38,76,54,241.0,241.5,242.0,242.5,243.0,76,111,257,114,120,239.5,242.0,239.0,237.5,261,214,2.0
20221108,2357,240.5,1,1421,122012756,240.5,240.0,239.5,239.0,238.5,43,18,38,76,54,241.0,241.5,242.0,242.5,243.0,77,111,257,114,120,239.5,242.0,239.0,237.5,261,214,1.0
20221108,2357,241.0,1,1422,122045151,240.5,240.0,239.5,239.0,238.5,43,18,38,76,54,241.0,241.5,242.0,242.5,243.0,76,111,257,114,120,239.5,242.0,239.0,237.5,261,214,2.0
20221108,2357,241.0,1,1423,122049278,240.5,240.0,239.5,239.0,238.5,38,18,43,80,54,241.0,241.5,242.0,242.5,243.0,76,110,258,114,120,239.5,242.0,239.0,237.5,261,214,2.0
20221108,2357,241.0,3,1426,122126446,240.5,240.0,239.5,239.0,238.5,38,19,43,80,54,241.0,241.5,242.0,242.5,243.0,76,111,258,114,120,239.5,242.0,239.0,237.5,261,214,0.0
20221108,2357,240.5,1,1427,122259527,240.5,240.0,239.5,239.0,238.5,37,19,43,80,54,241.0,241.5,242.0,242.5,243.0,76,111,258,114,120,239.5,242.0,239.0,237.5,261,214,2.0
20221108,2357,240.5,1,1428,122309642,240.5,240.0,239.5,239.0,238.5,36,19,43,80,54,241.0,241.5,242.0,242.5,243.0,76,111,256,114,120,239.5,242.0,239.0,237.5,261,214,2.0
20221108,2357,240.5,10,1438,122336666,240.5,240.0,239.5,239.0,238.5,27,19,48,80,54,241.0,241.5,242.0,242.5,243.0,77,111,256,114,120,239.5,242.0,239.0,237.5,261,214,2.0
20221108,2357,240.5,1,1439,122409173,240.5,240.0,239.5,239.0,238.5,26,19,48,80,54,241.0,241.5,242.0,242.5,243.0,77,111,256,114,120,239.5,242.0,239.0,237.5,261,214,2.0
20221108,2357,240.5,1,1440,122411237,240.5,240.0,239.5,239.0,238.5,28,17,48,80,54,241.0,241.5,242.0,242.5,243.0,77,111,257,113,120,239.5,242.0,239.0,237.5,261,214,2.0
20221108,2357,240.5,1,1441,122448528,240.5,240.0,239.5,239.0,238.5,27,17,48,80,54,241.0,241.5,242.0,242.5,243.0,79,111,257,113,120,239.5,242.0,239.0,237.5,261,214,2.0
20221108,2357,240.5,3,1444,122500606,240.5,240.0,239.5,239.0,238.5,25,17,48,80,54,241.0,241.5,242.0,242.5,243.0,79,111,257,113,120,239.5,242.0,239.0,237.5,261,214,1.0
20221108,2357,241.0,1,1445,122505207,240.5,240.0,239.5,239.0,238.5,27,18,48,79,54,241.0,241.5,242.0,242.5,243.0,77,111,258,113,120,239.5,242.0,239.0,237.5,261,214,2.0
20221108,2357,241.0,2,1447,122544182,240.5,240.0,239.5,239.0,238.5,28,18,48,79,54,241.0,241.5,242.0,242.5,243.0,80,110,258,113,120,239.5,242.0,239.0,237.5,261,214,0.0
20221108,2357,240.5,1,1448,122606529,240.5,240.0,239.5,239.0,238.5,27,18,48,79,54,241.0,241.5,242.0,242.5,243.0,80,110,258,113,120,239.5,242.0,239.0,237.5,261,214,1.0
20221108,2357,241.0,1,1449,122607201,240.5,240.0,239.5,239.0,238.5,27,18,48,79,54,241.0,241.5,242.0,242.5,243.0,79,110,258,113,120,239.5,242.0,239.0,237.5,261,214,2.0
20221108,2357,241.0,2,1451,122632417,240.5,240.0,239.5,239.0,238.5,27,18,48,79,54,241.0,241.5,242.0,242.5,243.0,78,111,257,113,120,239.5,242.0,239.0,237.5,261,214,0.0
20221108,2357,240.5,1,1452,122659410,240.5,240.0,239.5,239.0,238.5,27,18,48,79,53,241.0,241.5,242.0,242.5,243.0,79,111,257,113,120,239.5,242.0,239.0,237.5,261,214,2.0
20221108,2357,240.5,2,1454,122813876,240.5,240.0,239.5,239.0,238.5,25,18,48,79,53,241.0,241.5,242.0,242.5,243.0,79,111,257,113,120,239.5,242.0,239.0,237.5,261,214,1.0
20221108,2357,241.0,1,1455,122814732,240.5,240.0,239.5,239.0,238.5,28,18,48,79,53,241.0,241.5,242.0,242.5,243.0,79,111,259,113,120,239.5,242.0,239.0,237.5,261,214,0.0
20221108,2357,240.5,1,1456,122903437,240.5,240.0,239.5,239.0,238.5,31,18,48,79,53,241.0,241.5,242.0,242.5,243.0,79,111,259,113,120,239.5,242.0,239.0,237.5,261,214,1.0
20221108,2357,241.0,1,1457,122921625,240.5,240.0,239.5,239.0,238.5,31,18,48,79,53,241.0,241.5,242.0,242.5,243.0,78,111,259,113,120,239.5,242.0,239.0,237.5,261,214,2.0
20221108,2357,241.0,1,1458,122941647,240.5,240.0,239.5,239.0,238.5,31,18,48,79,53,241.0,241.5,242.0,242.5,243.0,77,112,259,113,120,239.5,242.0,239.0,237.5,261,214,2.0
20221108,2357,241.0,1,1459,123025995,240.5,240.0,239.5,239.0,238.5,32,18,48,79,53,241.0,241.5,242.0,242.5,243.0,83,112,259,113,120,239.5,242.0,239.0,237.5,261,214,2.0
20221108,2357,241.0,1,1460,123102333,240.5,240.0,239.5,239.0,238.5,32,18,48,79,53,241.0,241.5,242.0,242.5,243.0,82,112,259,113,120,239.5,242.0,239.0,237.5,261,214,2.0
20221108,2357,241.0,1,1461,123112713,240.5,240.0,239.5,239.0,238.5,35,20,48,79,53,241.0,241.5,242.0,242.5,243.0,82,112,259,113,120,239.5,242.0,239.0,237.5,261,214,0.0
20221108,2357,240.5,1,1462,123200604,240.5,240.0,239.5,239.0,238.5,38,21,50,78,53,241.0,241.5,242.0,242.5,243.0,86,113,261,113,120,239.5,242.0,239.0,237.5,261,214,2.0
20221108,2357,240.5,1,1463,123441980,240.5,240.0,239.5,239.0,238.5,37,21,50,78,53,241.0,241.5,242.0,242.5,243.0,86,113,261,113,120,239.5,242.0,239.0,237.5,261,214,1.0
20221108,2357,241.0,5,1468,123445240,240.5,240.0,239.5,239.0,238.5,32,21,50,78,53,241.0,241.5,242.0,242.5,243.0,81,113,261,113,120,239.5,242.0,239.0,237.5,261,214,2.0
20221108,2357,241.0,1,1469,123447612,240.5,240.0,239.5,239.0,238.5,32,21,50,78,53,241.0,241.5,242.0,242.5,243.0,80,113,261,113,120,239.5,242.0,239.0,237.5,261,214,0.0
20221108,2357,240.5,1,1470,123457693,240.5,240.0,239.5,239.0,238.5,33,22,50,78,53,241.0,241.5,242.0,242.5,243.0,82,113,260,114,120,239.5,242.0,239.0,237.5,261,214,2.0
20221108,2357,240.5,1,1471,123529581,240.5,240.0,239.5,239.0,238.5,32,22,50,78,53,241.0,241.5,242.0,242.5,243.0,76,113,260,114,120,239.5,242.0,239.0,237.5,261,214,2.0
20221108,2357,240.5,2,1473,123545359,240.5,240.0,239.5,239.0,238.5,30,22,50,78,53,241.0,241.5,242.0,242.5,243.0,74,113,260,114,120,239.5,242.0,239.0,237.5,261,214,2.0
20221108,2357,240.5,1,1474,123545365,240.5,240.0,239.5,239.0,238.5,29,22,50,78,53,241.0,241.5,242.0,242.5,243.0,74,113,260,114,120,239.5,242.0,239.0,237.5,261,214,2.0
20221108,2357,240.5,1,1475,123545366,240.5,240.0,239.5,239.0,238.5,28,22,50,78,53,241.0,241.5,242.0,242.5,243.0,74,113,260,114,120,239.5,242.0,239.0,237.5,261,214,2.0
20221108,2357,240.5,2,1477,123545368,240.5,240.0,239.5,239.0,238.5,26,22,50,78,53,241.0,241.5,242.0,242.5,243.0,74,113,260,114,120,239.5,242.0,239.0,237.5,261,214,2.0
20221108,2357,240.5,2,1479,123545369,240.5,240.0,239.5,239.0,238.5,24,22,50,78,53,241.0,241.5,242.0,242.5,243.0,74,113,260,114,120,239.5,242.0,239.0,237.5,261,214,2.0
20221108,2357,240.5,1,1480,123545372,240.5,240.0,239.5,239.0,238.5,23,22,50,78,53,241.0,241.5,242.0,242.5,243.0,74,113,260,114,120,239.5,242.0,239.0,237.5,261,214,2.0
20221108,2357,240.5,1,1481,123545374,240.5,240.0,239.5,239.0,238.5,22,23,49,78,53,241.0,241.5,242.0,242.5,243.0,74,113,260,114,120,239.5,242.0,239.0,237.5,261,214,1.0
20221108,2357,241.0,1,1482,123548057,240.5,240.0,239.5,239.0,238.5,25,23,49,78,53,241.0,241.5,242.0,242.5,243.0,71,113,260,114,120,239.5,242.0,239.0,237.5,261,214,0.0
20221108,2357,240.5,15,1497,123647742,240.5,240.0,239.5,239.0,238.5,10,23,50,78,53,241.0,241.5,242.0,242.5,243.0,71,113,260,114,120,239.5,242.0,239.0,237.5,261,214,2.0
20221108,2357,240.5,1,1498,123647869,240.5,240.0,239.5,239.0,238.5,9,23,50,78,53,241.0,241.5,242.0,242.5,243.0,71,113,260,114,120,239.5,242.0,239.0,237.5,261,214,1.0
20221108,2357,241.0,1,1499,123647927,240.5,240.0,239.5,239.0,238.5,11,24,50,78,54,241.0,241.5,242.0,242.5,243.0,74,113,259,114,120,239.5,242.0,239.0,237.5,261,214,0.0
20221108,2357,240.5,10,1509,123721902,240.5,240.0,239.5,239.0,238.5,2,23,50,78,54,241.0,241.5,242.0,242.5,243.0,64,113,259,114,120,239.5,242.0,239.0,237.5,261,214,1.0
20221108,2357,241.0,3,1512,123721997,240.5,240.0,239.5,239.0,238.5,6,25,50,78,54,241.0,241.5,242.0,242.5,243.0,61,113,259,114,120,239.5,242.0,239.0,237.5,261,214,0.0
20221108,2357,240.5,1,1513,123732256,240.5,240.0,239.5,239.0,238.5,7,22,50,78,54,241.0,241.5,242.0,242.5,243.0,61,113,259,114,120,239.5,242.0,239.0,237.5,261,214,1.0
20221108,2357,241.0,1,1514,123742489,240.5,240.0,239.5,239.0,238.5,8,23,50,79,54,241.0,241.5,242.0,242.5,243.0,60,113,260,114,120,239.5,242.0,239.0,237.5,261,214,2.0
20221108,2357,241.0,1,1515,123744178,240.5,240.0,239.5,239.0,238.5,8,23,50,79,54,241.0,241.5,242.0,242.5,243.0,59,113,260,114,120,239.5,242.0,239.0,237.5,261,214,0.0
20221108,2357,240.5,1,1516,123746648,240.5,240.0,239.5,239.0,238.5,7,23,50,79,54,241.0,241.5,242.0,242.5,243.0,59,113,260,114,120,239.5,242.0,239.0,237.5,261,214,2.0
20221108,2357,240.5,1,1517,123749012,240.5,240.0,239.5,239.0,238.5,7,23,50,79,54,241.0,241.5,242.0,242.5,243.0,59,112,260,114,120,239.5,242.0,239.0,237.5,261,214,2.0
20221108,2357,240.5,1,1518,123755465,240.5,240.0,239.5,239.0,238.5,13,23,50,79,56,241.0,241.5,242.0,242.5,243.0,63,112,262,113,120,239.5,242.0,239.0,237.5,261,214,2.0
20221108,2357,240.5,1,1519,123836444,240.5,240.0,239.5,239.0,238.5,13,23,50,79,56,241.0,241.5,242.0,242.5,243.0,63,115,260,114,120,239.5,242.0,239.0,237.5,261,214,2.0
20221108,2357,240.5,1,1520,124015280,240.5,240.0,239.5,239.0,238.5,12,22,50,79,56,241.0,241.5,242.0,242.5,243.0,68,115,259,114,120,239.5,242.0,239.0,237.5,261,214,1.0
20221108,2357,241.0,1,1521,124049651,240.5,240.0,239.5,239.0,238.5,12,22,50,79,56,241.0,241.5,242.0,242.5,243.0,67,115,259,114,120,239.5,242.0,239.0,237.5,261,214,2.0
20221108,2357,241.0,1,1522,124056225,240.5,240.0,239.5,239.0,238.5,16,23,50,79,56,241.0,241.5,242.0,242.5,243.0,67,115,258,114,120,239.5,242.0,239.0,237.5,261,214,2.0
20221108,2357,241.0,1,1523,124105678,240.5,240.0,239.5,239.0,238.5,18,23,50,79,56,241.0,241.5,242.0,242.5,243.0,66,115,258,114,120,239.5,242.0,239.0,237.5,261,214,2.0
20221108,2357,241.0,1,1524,124109095,240.5,240.0,239.5,239.0,238.5,24,24,50,79,56,241.0,241.5,242.0,242.5,243.0,64,115,259,114,120,239.5,242.0,239.0,237.5,261,214,0.0
20221108,2357,240.5,1,1525,124125948,240.5,240.0,239.5,239.0,238.5,26,23,49,79,56,241.0,241.5,242.0,242.5,243.0,65,115,259,114,120,239.5,242.0,239.0,237.5,261,214,1.0
20221108,2357,241.0,2,1527,124203747,240.5,240.0,239.5,239.0,238.5,26,23,49,79,56,241.0,241.5,242.0,242.5,243.0,63,115,259,114,120,239.5,242.0,239.0,237.5,261,214,0.0
20221108,2357,240.5,1,1528,124210604,240.5,240.0,239.5,239.0,238.5,30,25,45,79,56,241.0,241.5,242.0,242.5,243.0,65,116,259,114,120,239.5,242.0,239.0,237.5,261,214,1.0
20221108,2357,241.0,1,1529,124248681,240.5,240.0,239.5,239.0,238.5,30,26,45,79,56,241.0,241.5,242.0,242.5,243.0,64,116,257,114,120,239.5,242.0,239.0,237.5,261,214,0.0
20221108,2357,240.5,1,1530,124312476,240.5,240.0,239.5,239.0,238.5,30,25,50,78,56,241.0,241.5,242.0,242.5,243.0,71,115,257,114,120,239.5,242.0,239.0,237.5,261,214,2.0
20221108,2357,240.5,1,1531,124441760,240.5,240.0,239.5,239.0,238.5,44,27,47,78,56,241.0,241.5,242.0,242.5,243.0,74,114,258,114,120,239.5,242.0,239.0,237.5,261,214,2.0
20221108,2357,240.5,1,1532,124545541,240.5,240.0,239.5,239.0,238.5,43,27,46,78,56,241.0,241.5,242.0,242.5,243.0,75,113,258,114,120,239.5,242.0,239.0,237.5,261,214,1.0
20221108,2357,241.0,1,1533,124611762,240.5,240.0,239.5,239.0,238.5,43,27,46,78,56,241.0,241.5,242.0,242.5,243.0,79,113,258,114,120,239.5,242.0,239.0,237.5,261,214,2.0
20221108,2357,241.0,1,1534,124630017,240.5,240.0,239.5,239.0,238.5,44,27,46,78,56,241.0,241.5,242.0,242.5,243.0,78,113,258,114,120,239.5,242.0,239.0,237.5,261,214,2.0
20221108,2357,241.0,1,1535,124711208,240.5,240.0,239.5,239.0,238.5,49,27,46,77,56,241.0,241.5,242.0,242.5,243.0,77,113,258,114,120,239.5,242.0,239.0,237.5,261,214,0.0
20221108,2357,240.5,1,1536,124750182,240.5,240.0,239.5,239.0,238.5,50,28,45,78,56,241.0,241.5,242.0,242.5,243.0,80,114,258,114,120,239.5,242.0,239.0,237.5,261,214,2.0
20221108,2357,240.5,1,1537,124920415,240.5,240.0,239.5,239.0,238.5,50,28,45,78,56,241.0,241.5,242.0,242.5,243.0,84,114,258,114,120,239.5,242.0,239.0,237.5,261,214,1.0
20221108,2357,241.0,3,1540,125001276,240.5,240.0,239.5,239.0,238.5,57,27,45,78,56,241.0,241.5,242.0,242.5,243.0,80,115,257,113,120,239.5,242.0,239.0,237.5,261,214,2.0
20221108,2357,241.0,1,1541,125030126,240.5,240.0,239.5,239.0,238.5,62,27,45,78,56,241.0,241.5,242.0,242.5,243.0,80,110,257,113,120,239.5,242.0,239.0,237.5,261,214,2.0
20221108,2357,241.0,1,1542,125037650,240.5,240.0,239.5,239.0,238.5,61,27,45,79,56,241.0,241.5,242.0,242.5,243.0,79,110,259,113,120,239.5,242.0,239.0,237.5,261,214,2.0
20221108,2357,241.0,2,1544,125051718,240.5,240.0,239.5,239.0,238.5,61,28,45,79,56,241.0,241.5,242.0,242.5,243.0,80,110,259,113,120,239.5,242.0,239.0,237.5,261,214,2.0
20221108,2357,241.0,3,1547,125101590,240.5,240.0,239.5,239.0,238.5,61,28,45,79,56,241.0,241.5,242.0,242.5,243.0,78,110,259,113,120,239.5,242.0,239.0,237.5,261,214,2.0
20221108,2357,241.0,1,1548,125115345,240.5,240.0,239.5,239.0,238.5,61,28,45,79,56,241.0,241.5,242.0,242.5,243.0,77,110,259,113,120,239.5,242.0,239.0,237.5,261,214,2.0
20221108,2357,241.0,2,1550,125116229,240.5,240.0,239.5,239.0,238.5,61,28,45,79,56,241.0,241.5,242.0,242.5,243.0,74,110,259,113,121,239.5,242.0,239.0,237.5,261,214,2.0
20221108,2357,241.0,1,1551,125130889,240.5,240.0,239.5,239.0,238.5,61,28,45,79,56,241.0,241.5,242.0,242.5,243.0,74,110,259,113,121,239.5,242.0,239.0,237.5,261,214,2.0
20221108,2357,241.0,1,1552,125135082,240.5,240.0,239.5,239.0,238.5,57,27,45,79,56,241.0,241.5,242.0,242.5,243.0,73,110,259,113,121,239.5,242.0,239.0,237.5,261,214,2.0
20221108,2357,241.0,3,1555,125145074,240.5,240.0,239.5,239.0,238.5,58,27,45,79,56,241.0,241.5,242.0,242.5,243.0,70,110,259,113,121,239.5,242.0,239.0,237.5,261,214,2.0
20221108,2357,241.0,1,1556,125152109,240.5,240.0,239.5,239.0,238.5,58,27,45,78,56,241.0,241.5,242.0,242.5,243.0,69,110,259,113,121,239.5,242.0,239.0,237.5,261,214,2.0
20221108,2357,241.0,1,1557,125153260,240.5,240.0,239.5,239.0,238.5,59,26,45,78,56,241.0,241.5,242.0,242.5,243.0,69,110,259,113,121,239.5,242.0,239.0,237.5,261,214,2.0
20221108,2357,241.0,3,1560,125201505,240.5,240.0,239.5,239.0,238.5,60,26,45,78,56,241.0,241.5,242.0,242.5,243.0,66,110,259,113,121,239.5,242.0,239.0,237.5,261,214,2.0
20221108,2357,241.0,3,1563,125208967,240.5,240.0,239.5,239.0,238.5,60,26,45,78,56,241.0,241.5,242.0,242.5,243.0,63,110,259,113,121,239.5,242.0,239.0,237.5,261,214,2.0
20221108,2357,241.0,10,1573,125210617,240.5,240.0,239.5,239.0,238.5,60,26,45,78,56,241.0,241.5,242.0,242.5,243.0,53,110,259,111,123,239.5,242.0,239.0,237.5,261,214,2.0
20221108,2357,241.0,53,1626,125210657,241.0,240.5,240.0,239.5,239.0,2,67,26,45,78,241.5,242.0,242.5,243.0,243.5,110,259,111,123,13,239.5,242.0,239.0,237.5,261,214,2.0
20221108,2357,241.0,1,1627,125210695,241.0,240.5,240.0,239.5,239.0,6,63,21,45,94,241.5,242.0,242.5,243.0,243.5,110,259,95,139,13,239.5,242.0,239.0,237.5,261,214,1.0
20221108,2357,241.5,1,1628,125210777,241.0,240.5,240.0,239.5,239.0,16,63,25,45,86,241.5,242.0,242.5,243.0,243.5,111,259,95,142,13,239.5,242.0,239.0,237.5,261,214,2.0
20221108,2357,241.5,14,1642,125211040,241.0,240.5,240.0,239.5,239.0,37,50,25,63,121,241.5,242.0,242.5,243.0,243.5,100,259,95,142,13,239.5,242.0,239.0,237.5,261,214,2.0
20221108,2357,241.5,2,1644,125215253,241.0,240.5,240.0,239.5,239.0,43,48,25,63,121,241.5,242.0,242.5,243.0,243.5,102,259,95,142,13,239.5,242.0,239.0,237.5,261,214,0.0
20221108,2357,241.0,1,1645,125221172,241.0,240.5,240.0,239.5,239.0,46,43,26,62,121,241.5,242.0,242.5,243.0,243.5,104,261,95,141,14,239.5,242.0,239.0,237.5,261,214,1.0
20221108,2357,241.5,1,1646,125240995,241.0,240.5,240.0,239.5,239.0,46,44,26,61,121,241.5,242.0,242.5,243.0,243.5,103,261,95,141,14,239.5,242.0,239.0,237.5,261,214,0.0
20221108,2357,241.0,1,1647,125255619,241.0,240.5,240.0,239.5,239.0,46,41,26,61,121,241.5,242.0,242.5,243.0,243.5,103,265,95,141,14,239.5,242.0,239.0,237.5,261,214,1.0
20221108,2357,241.5,1,1648,125300427,241.0,240.5,240.0,239.5,239.0,49,41,26,61,121,241.5,242.0,242.5,243.0,243.5,102,264,96,141,14,239.5,242.0,239.0,237.5,261,214,2.0
20221108,2357,241.5,3,1651,125301557,241.0,240.5,240.0,239.5,239.0,50,42,31,55,121,241.5,242.0,242.5,243.0,243.5,105,264,96,141,14,239.5,242.0,239.0,237.5,261,214,0.0
20221108,2357,241.0,5,1656,125325678,241.0,240.5,240.0,239.5,239.0,45,42,31,55,121,241.5,242.0,242.5,243.0,243.5,106,264,96,141,14,239.5,242.0,239.0,237.5,261,214,1.0
20221108,2357,241.5,3,1659,125401587,241.0,240.5,240.0,239.5,239.0,46,42,31,55,121,241.5,242.0,242.5,243.0,243.5,103,265,96,141,14,239.5,242.0,239.0,237.5,261,214,2.0
20221108,2357,241.5,1,1660,125412102,241.0,240.5,240.0,239.5,239.0,46,42,31,55,121,241.5,242.0,242.5,243.0,243.5,103,265,96,141,14,239.5,242.0,239.0,237.5,261,214,2.0
20221108,2357,241.5,1,1661,125423121,241.0,240.5,240.0,239.5,239.0,45,43,31,55,121,241.5,242.0,242.5,243.0,243.5,102,265,96,141,14,239.5,242.0,239.0,237.5,261,214,0.0
20221108,2357,241.0,1,1662,125430883,241.0,240.5,240.0,239.5,239.0,42,43,31,55,121,241.5,242.0,242.5,243.0,243.5,102,266,96,142,14,239.5,242.0,239.0,237.5,261,214,1.0
20221108,2357,241.5,3,1665,125445865,241.0,240.5,240.0,239.5,239.0,49,43,31,55,121,241.5,242.0,242.5,243.0,243.5,99,266,96,142,14,239.5,242.0,239.0,237.5,261,214,0.0
20221108,2357,241.0,1,1666,125450390,241.0,240.5,240.0,239.5,239.0,50,43,31,55,121,241.5,242.0,242.5,243.0,243.5,99,265,96,142,14,239.5,242.0,239.0,237.5,261,214,1.0
20221108,2357,241.5,2,1668,125501649,241.0,240.5,240.0,239.5,239.0,57,44,31,55,121,241.5,242.0,242.5,243.0,243.5,103,263,96,143,14,239.5,242.0,239.0,237.5,261,214,0.0
20221108,2357,241.0,1,1669,125538441,241.0,240.5,240.0,239.5,239.0,44,44,31,55,121,241.5,242.0,242.5,243.0,243.5,103,263,96,143,14,239.5,242.0,239.0,237.5,261,214,2.0
20221108,2357,241.0,1,1670,125557504,241.0,240.5,240.0,239.5,239.0,53,44,31,55,121,241.5,242.0,242.5,243.0,243.5,103,263,96,143,14,239.5,242.0,239.0,237.5,261,214,1.0
20221108,2357,241.5,4,1674,125600097,241.0,240.5,240.0,239.5,239.0,49,44,31,55,121,241.5,242.0,242.5,243.0,243.5,99,263,96,143,14,239.5,242.0,239.0,237.5,261,214,0.0
20221108,2357,241.0,5,1679,125600982,241.0,240.5,240.0,239.5,239.0,44,44,31,55,121,241.5,242.0,242.5,243.0,243.5,99,263,96,138,14,239.5,242.0,239.0,237.5,261,214,1.0
20221108,2357,241.5,2,1681,125601419,241.0,240.5,240.0,239.5,239.0,47,42,31,55,123,241.5,242.0,242.5,243.0,243.5,97,263,96,138,14,239.5,242.0,239.0,237.5,261,214,0.0
20221108,2357,241.0,1,1682,125623462,241.0,240.5,240.0,239.5,239.0,48,42,31,55,123,241.5,242.0,242.5,243.0,243.5,97,265,96,138,14,239.5,242.0,239.0,237.5,261,214,2.0
20221108,2357,241.0,1,1683,125630495,241.0,240.5,240.0,239.5,239.0,48,42,31,55,123,241.5,242.0,242.5,243.0,243.5,98,264,96,138,14,239.5,242.0,239.0,237.5,261,214,1.0
20221108,2357,241.5,1,1684,125639074,241.0,240.5,240.0,239.5,239.0,47,42,31,55,123,241.5,242.0,242.5,243.0,243.5,97,264,96,138,14,239.5,242.0,239.0,237.5,261,214,2.0
20221108,2357,241.5,1,1685,125640119,241.0,240.5,240.0,239.5,239.0,55,43,31,55,123,241.5,242.0,242.5,243.0,243.5,97,265,96,138,14,239.5,242.0,239.0,237.5,261,214,2.0
20221108,2357,241.5,2,1687,125701410,241.0,240.5,240.0,239.5,239.0,54,42,31,55,123,241.5,242.0,242.5,243.0,243.5,96,265,96,138,14,239.5,242.0,239.0,237.5,261,214,2.0
20221108,2357,241.5,1,1688,125712997,241.0,240.5,240.0,239.5,239.0,49,39,33,52,123,241.5,242.0,242.5,243.0,243.5,92,265,96,138,14,239.5,242.0,239.0,237.5,261,214,2.0
20221108,2357,241.5,3,1691,125740418,241.0,240.5,240.0,239.5,239.0,50,39,33,52,123,241.5,242.0,242.5,243.0,243.5,90,265,96,138,14,239.5,242.0,239.0,237.5,261,214,0.0
20221108,2357,241.0,1,1692,125753290,241.0,240.5,240.0,239.5,239.0,51,39,33,52,123,241.5,242.0,242.5,243.0,243.5,90,265,96,138,14,239.5,242.0,239.0,237.5,261,214,1.0
20221108,2357,241.5,2,1694,125801365,241.0,240.5,240.0,239.5,239.0,60,39,34,52,123,241.5,242.0,242.5,243.0,243.5,88,265,97,138,14,239.5,242.0,239.0,237.5,261,214,0.0
20221108,2357,241.0,10,1704,125827344,241.0,240.5,240.0,239.5,239.0,49,39,34,52,123,241.5,242.0,242.5,243.0,243.5,89,265,97,138,14,239.5,242.0,239.0,237.5,261,214,2.0
20221108,2357,241.0,1,1705,125838430,241.0,240.5,240.0,239.5,239.0,48,39,34,52,123,241.5,242.0,242.5,243.0,243.5,88,265,97,138,14,239.5,242.0,239.0,237.5,261,214,2.0
20221108,2357,241.0,1,1706,125839256,241.0,240.5,240.0,239.5,239.0,47,39,34,52,123,241.5,242.0,242.5,243.0,243.5,88,265,97,138,14,239.5,242.0,239.0,237.5,261,214,2.0
20221108,2357,241.0,1,1707,125846790,241.0,240.5,240.0,239.5,239.0,47,40,34,52,123,241.5,242.0,242.5,243.0,243.5,88,265,97,138,14,239.5,242.0,239.0,237.5,261,214,2.0
20221108,2357,241.0,1,1708,125851174,241.0,240.5,240.0,239.5,239.0,46,40,34,52,123,241.5,242.0,242.5,243.0,243.5,87,265,97,138,14,239.5,242.0,239.0,237.5,261,214,2.0
20221108,2357,241.0,1,1709,125854364,241.0,240.5,240.0,239.5,239.0,45,40,34,52,123,241.5,242.0,242.5,243.0,243.5,87,265,97,138,14,239.5,242.0,239.0,237.5,261,214,1.0
20221108,2357,241.5,2,1711,125901271,241.0,240.5,240.0,239.5,239.0,45,39,34,52,123,241.5,242.0,242.5,243.0,243.5,85,265,99,136,14,239.5,242.0,239.0,237.5,261,214,0.0
20221108,2357,241.0,1,1712,125934483,241.0,240.5,240.0,239.5,239.0,50,40,34,52,123,241.5,242.0,242.5,243.0,243.5,89,262,100,136,14,239.5,242.0,239.0,237.5,261,214,1.0
20221108,2357,241.5,2,1714,130001338,241.0,240.5,240.0,239.5,239.0,50,40,34,52,123,241.5,242.0,242.5,243.0,243.5,87,262,100,136,14,239.5,242.0,239.0,237.5,261,214,2.0
20221108,2357,241.5,1,1715,130003443,241.0,240.5,240.0,239.5,239.0,51,40,34,52,123,241.5,242.0,242.5,243.0,243.5,86,262,100,136,14,239.5,242.0,239.0,237.5,261,214,0.0
20221108,2357,241.0,1,1716,130005384,241.0,240.5,240.0,239.5,239.0,44,41,34,52,123,241.5,242.0,242.5,243.0,243.5,88,263,100,135,14,239.5,242.0,239.0,237.5,261,214,2.0
20221108,2357,241.0,1,1717,130021467,241.0,240.5,240.0,239.5,239.0,42,41,34,52,123,241.5,242.0,242.5,243.0,243.5,88,264,100,135,14,239.5,242.0,239.0,237.5,261,214,1.0
20221108,2357,241.5,1,1718,130101186,241.0,240.5,240.0,239.5,239.0,42,41,34,52,123,241.5,242.0,242.5,243.0,243.5,87,264,100,135,14,239.5,242.0,239.0,237.5,261,214,2.0
20221108,2357,241.5,2,1720,130101445,241.0,240.5,240.0,239.5,239.0,46,40,34,52,123,241.5,242.0,242.5,243.0,243.5,87,264,100,135,14,239.5,242.0,239.0,237.5,261,214,0.0
20221108,2357,241.0,1,1721,130120708,241.0,240.5,240.0,239.5,239.0,45,41,34,52,123,241.5,242.0,242.5,243.0,243.5,88,263,100,135,14,239.5,242.0,239.0,237.5,261,214,1.0
20221108,2357,241.5,5,1726,130130156,241.0,240.5,240.0,239.5,239.0,42,40,34,52,123,241.5,242.0,242.5,243.0,243.5,86,263,100,135,14,239.5,242.0,239.0,237.5,261,214,0.0
20221108,2357,241.0,1,1727,130151747,241.0,240.5,240.0,239.5,239.0,41,40,34,52,123,241.5,242.0,242.5,243.0,243.5,86,263,100,135,14,239.5,242.0,239.0,237.5,261,214,2.0
20221108,2357,241.0,1,1728,130152205,241.0,240.5,240.0,239.5,239.0,39,40,34,52,123,241.5,242.0,242.5,243.0,243.5,94,265,100,135,14,239.5,242.0,239.0,237.5,261,214,1.0
20221108,2357,241.5,2,1730,130201527,241.0,240.5,240.0,239.5,239.0,46,40,34,52,123,241.5,242.0,242.5,243.0,243.5,93,265,98,137,14,239.5,242.0,239.0,237.5,261,214,2.0
20221108,2357,241.5,1,1731,130226863,241.0,240.5,240.0,239.5,239.0,46,40,34,52,123,241.5,242.0,242.5,243.0,243.5,92,265,98,137,14,239.5,242.0,239.0,237.5,261,214,2.0
20221108,2357,241.5,1,1732,130234136,241.0,240.5,240.0,239.5,239.0,48,40,33,52,123,241.5,242.0,242.5,243.0,243.5,91,265,100,135,14,239.5,242.0,239.0,237.5,261,214,2.0
20221108,2357,241.5,3,1735,130246198,241.0,240.5,240.0,239.5,239.0,48,40,33,52,123,241.5,242.0,242.5,243.0,243.5,88,265,100,135,14,239.5,242.0,239.0,237.5,261,214,0.0
20221108,2357,241.0,1,1736,130246227,241.0,240.5,240.0,239.5,239.0,48,39,33,52,123,241.5,242.0,242.5,243.0,243.5,88,265,100,135,14,239.5,242.0,239.0,237.5,261,214,1.0
20221108,2357,241.5,2,1738,130301562,241.0,240.5,240.0,239.5,239.0,57,37,33,52,123,241.5,242.0,242.5,243.0,243.5,88,265,100,135,14,239.5,242.0,239.0,237.5,261,214,0.0
20221108,2357,241.0,1,1739,130340634,241.0,240.5,240.0,239.5,239.0,56,37,33,52,123,241.5,242.0,242.5,243.0,243.5,88,265,100,135,14,239.5,242.0,239.0,237.5,261,214,2.0
20221108,2357,241.0,1,1740,130341517,241.0,240.5,240.0,239.5,239.0,52,36,33,52,123,241.5,242.0,242.5,243.0,243.5,89,265,100,135,14,239.5,242.0,239.0,237.5,261,214,2.0
20221108,2357,241.0,1,1741,130352668,241.0,240.5,240.0,239.5,239.0,56,36,33,52,124,241.5,242.0,242.5,243.0,243.5,89,265,100,135,14,239.5,242.0,239.0,237.5,261,214,1.0
20221108,2357,241.5,2,1743,130401502,241.0,240.5,240.0,239.5,239.0,56,36,33,52,124,241.5,242.0,242.5,243.0,243.5,87,265,100,135,14,239.5,242.0,239.0,237.5,261,214,2.0
20221108,2357,241.5,1,1744,130406545,241.0,240.5,240.0,239.5,239.0,56,36,33,52,124,241.5,242.0,242.5,243.0,243.5,86,265,100,135,14,239.5,242.0,239.0,237.5,261,214,0.0
20221108,2357,241.0,1,1745,130407339,241.0,240.5,240.0,239.5,239.0,56,33,33,52,124,241.5,242.0,242.5,243.0,243.5,93,269,100,135,14,239.5,242.0,239.0,237.5,261,214,1.0
20221108,2357,241.5,5,1750,130458067,241.0,240.5,240.0,239.5,239.0,59,33,33,52,124,241.5,242.0,242.5,243.0,243.5,88,269,100,135,14,239.5,242.0,239.0,237.5,261,214,2.0
20221108,2357,241.5,2,1752,130501617,241.0,240.5,240.0,239.5,239.0,54,33,33,52,124,241.5,242.0,242.5,243.0,243.5,91,267,100,139,14,239.5,242.0,239.0,237.5,261,214,2.0
20221108,2357,241.5,2,1754,130601400,241.0,240.5,240.0,239.5,239.0,54,33,33,52,124,241.5,242.0,242.5,243.0,243.5,89,267,100,139,14,239.5,242.0,239.0,237.5,261,214,2.0
20221108,2357,241.5,1,1755,130607016,241.0,240.5,240.0,239.5,239.0,54,33,33,52,124,241.5,242.0,242.5,243.0,243.5,89,267,100,139,14,239.5,242.0,239.0,237.5,261,214,2.0
20221108,2357,241.5,1,1756,130617723,241.0,240.5,240.0,239.5,239.0,55,33,33,52,124,241.5,242.0,242.5,243.0,243.5,88,267,100,139,14,239.5,242.0,239.0,237.5,261,214,2.0
20221108,2357,241.5,4,1760,130629171,241.0,240.5,240.0,239.5,239.0,55,33,33,52,124,241.5,242.0,242.5,243.0,243.5,84,267,100,140,14,239.5,242.0,239.0,237.5,261,214,2.0
20221108,2357,241.5,1,1761,130644254,241.0,240.5,240.0,239.5,239.0,56,33,33,52,124,241.5,242.0,242.5,243.0,243.5,84,267,100,140,14,239.5,242.0,239.0,237.5,261,214,2.0
20221108,2357,241.5,2,1763,130701378,241.0,240.5,240.0,239.5,239.0,59,33,33,52,124,241.5,242.0,242.5,243.0,243.5,85,267,100,139,14,239.5,242.0,239.0,237.5,261,214,0.0
20221108,2357,241.0,1,1764,130715465,241.0,240.5,240.0,239.5,239.0,64,33,33,52,124,241.5,242.0,242.5,243.0,243.5,85,267,100,139,14,239.5,242.0,239.0,237.5,261,214,2.0
20221108,2357,241.0,1,1765,130722740,241.0,240.5,240.0,239.5,239.0,62,33,33,52,124,241.5,242.0,242.5,243.0,243.5,86,269,100,140,14,239.5,242.0,239.0,237.5,261,214,2.0
20221108,2357,241.0,1,1766,130738209,241.0,240.5,240.0,239.5,239.0,65,32,33,52,124,241.5,242.0,242.5,243.0,243.5,86,269,100,140,14,239.5,242.0,239.0,237.5,261,214,1.0
20221108,2357,241.5,2,1768,130744842,241.0,240.5,240.0,239.5,239.0,66,32,33,52,124,241.5,242.0,242.5,243.0,243.5,84,269,101,140,14,239.5,242.0,239.0,237.5,261,214,2.0
20221108,2357,241.5,1,1769,130746763,241.0,240.5,240.0,239.5,239.0,60,32,33,52,124,241.5,242.0,242.5,243.0,243.5,83,270,101,140,14,239.5,242.0,239.0,237.5,261,214,2.0
20221108,2357,241.5,1,1770,130755972,241.0,240.5,240.0,239.5,239.0,60,32,33,52,124,241.5,242.0,242.5,243.0,243.5,82,270,101,140,14,239.5,242.0,239.0,237.5,261,214,2.0
20221108,2357,241.5,2,1772,130803358,241.0,240.5,240.0,239.5,239.0,60,32,33,52,124,241.5,242.0,242.5,243.0,243.5,80,270,101,140,14,239.5,242.0,239.0,237.5,261,214,2.0
20221108,2357,241.5,1,1773,130811007,241.0,240.5,240.0,239.5,239.0,61,32,32,52,124,241.5,242.0,242.5,243.0,243.5,79,271,101,140,14,239.5,242.0,239.0,237.5,261,214,2.0
20221108,2357,241.5,1,1774,130849660,241.0,240.5,240.0,239.5,239.0,61,31,32,52,124,241.5,242.0,242.5,243.0,243.5,78,271,99,142,14,239.5,242.0,239.0,237.5,261,214,2.0
20221108,2357,241.5,2,1776,130901529,241.0,240.5,240.0,239.5,239.0,71,31,33,52,124,241.5,242.0,242.5,243.0,243.5,76,271,99,143,14,239.5,242.0,239.0,237.5,261,214,2.0
20221108,2357,241.5,1,1777,130940428,241.0,240.5,240.0,239.5,239.0,70,29,33,53,123,241.5,242.0,242.5,243.0,243.5,74,271,99,143,14,239.5,242.0,239.0,237.5,261,214,2.0
20221108,2357,241.5,1,1778,131000522,241.0,240.5,240.0,239.5,239.0,70,24,33,53,123,241.5,242.0,242.5,243.0,243.5,73,271,99,143,14,239.5,242.0,239.0,237.5,261,214,2.0
20221108,2357,241.5,2,1780,131001298,241.0,240.5,240.0,239.5,239.0,71,25,33,53,123,241.5,242.0,242.5,243.0,243.5,73,272,99,144,13,239.5,242.0,239.0,237.5,261,214,0.0
20221108,2357,241.0,1,1781,131050529,241.0,240.5,240.0,239.5,239.0,70,25,33,53,123,241.5,242.0,242.5,243.0,243.5,73,272,99,144,13,239.5,242.0,239.0,237.5,261,214,1.0
20221108,2357,241.5,2,1783,131101451,241.0,240.5,240.0,239.5,239.0,70,24,33,53,123,241.5,242.0,242.5,243.0,243.5,72,272,99,144,13,239.5,242.0,239.0,237.5,261,214,2.0
20221108,2357,241.5,9,1792,131115151,241.0,240.5,240.0,239.5,239.0,61,26,33,53,123,241.5,242.0,242.5,243.0,243.5,63,272,99,144,13,239.5,242.0,239.0,237.5,261,214,2.0
20221108,2357,241.5,4,1796,131115239,241.0,240.5,240.0,239.5,239.0,61,26,33,53,123,241.5,242.0,242.5,243.0,243.5,62,272,99,144,13,239.5,242.0,239.0,237.5,261,214,2.0
20221108,2357,241.5,2,1798,131125610,241.0,240.5,240.0,239.5,239.0,62,26,33,53,123,241.5,242.0,242.5,243.0,243.5,63,279,99,144,13,239.5,242.0,239.0,237.5,261,214,2.0
20221108,2357,241.5,2,1800,131141617,241.0,240.5,240.0,239.5,239.0,63,26,33,53,123,241.5,242.0,242.5,243.0,243.5,61,282,98,144,13,239.5,242.0,239.0,237.5,261,214,2.0
20221108,2357,241.5,2,1802,131201451,241.0,240.5,240.0,239.5,239.0,63,26,33,53,123,241.5,242.0,242.5,243.0,243.5,60,282,98,144,13,239.5,242.0,239.0,237.5,261,214,2.0
20221108,2357,241.5,1,1803,131221444,241.0,240.5,240.0,239.5,239.0,63,26,33,53,123,241.5,242.0,242.5,243.0,243.5,59,282,98,144,13,239.5,242.0,239.0,237.5,261,214,2.0
20221108,2357,241.5,1,1804,131224608,241.0,240.5,240.0,239.5,239.0,63,26,33,53,123,241.5,242.0,242.5,243.0,243.5,57,282,98,144,13,239.5,242.0,239.0,237.5,261,214,2.0
20221108,2357,241.5,1,1805,131225377,241.0,240.5,240.0,239.5,239.0,63,26,33,53,123,241.5,242.0,242.5,243.0,243.5,57,282,98,144,13,239.5,242.0,239.0,237.5,261,214,0.0
20221108,2357,241.0,1,1806,131233025,241.0,240.5,240.0,239.5,239.0,65,23,33,53,123,241.5,242.0,242.5,243.0,243.5,58,282,98,144,13,239.5,242.0,239.0,237.5,261,214,1.0
20221108,2357,241.5,3,1809,131244055,241.0,240.5,240.0,239.5,239.0,66,23,33,53,123,241.5,242.0,242.5,243.0,243.5,54,282,98,144,13,239.5,242.0,239.0,237.5,261,214,2.0
20221108,2357,241.5,1,1810,131256887,241.0,240.5,240.0,239.5,239.0,66,23,33,53,123,241.5,242.0,242.5,243.0,243.5,53,284,98,144,13,239.5,242.0,239.0,237.5,261,214,2.0
20221108,2357,241.5,1,1811,131300346,241.0,240.5,240.0,239.5,239.0,66,23,33,53,123,241.5,242.0,242.5,243.0,243.5,52,284,98,144,13,239.5,242.0,239.0,237.5,261,214,2.0
20221108,2357,241.5,2,1813,131301515,241.0,240.5,240.0,239.5,239.0,66,23,33,53,123,241.5,242.0,242.5,243.0,243.5,52,284,98,144,13,239.5,242.0,239.0,237.5,261,214,2.0
20221108,2357,241.5,1,1814,131317150,241.0,240.5,240.0,239.5,239.0,67,23,33,53,123,241.5,242.0,242.5,243.0,243.5,55,280,98,144,13,239.5,242.0,239.0,237.5,261,214,2.0
20221108,2357,241.5,1,1815,131338797,241.0,240.5,240.0,239.5,239.0,66,23,33,53,123,241.5,242.0,242.5,243.0,243.5,55,280,98,144,13,239.5,242.0,239.0,237.5,261,214,2.0
20221108,2357,241.5,1,1816,131345289,241.0,240.5,240.0,239.5,239.0,67,23,33,53,123,241.5,242.0,242.5,243.0,243.5,55,279,98,144,13,239.5,242.0,239.0,237.5,261,214,2.0
20221108,2357,241.5,2,1818,131401732,241.0,240.5,240.0,239.5,239.0,67,23,33,53,123,241.5,242.0,242.5,243.0,243.5,53,279,99,144,13,239.5,242.0,239.0,237.5,261,214,0.0
20221108,2357,241.0,1,1819,131404500,241.0,240.5,240.0,239.5,239.0,66,23,33,53,123,241.5,242.0,242.5,243.0,243.5,54,279,99,144,13,239.5,242.0,239.0,237.5,261,214,2.0
20221108,2357,241.0,1,1820,131425649,241.0,240.5,240.0,239.5,239.0,67,23,34,53,123,241.5,242.0,242.5,243.0,243.5,54,281,99,144,13,239.5,242.0,239.0,237.5,261,214,2.0
20221108,2357,241.0,22,1842,131451173,241.0,240.5,240.0,239.5,239.0,45,23,34,53,123,241.5,242.0,242.5,243.0,243.5,54,281,99,144,13,239.5,242.0,239.0,237.5,261,214,2.0
20221108,2357,241.0,4,1846,131451228,241.0,240.5,240.0,239.5,239.0,46,22,34,53,123,241.5,242.0,242.5,243.0,243.5,54,281,99,144,13,239.5,242.0,239.0,237.5,261,214,2.0
20221108,2357,241.0,5,1851,131458119,241.0,240.5,240.0,239.5,239.0,42,22,34,53,123,241.5,242.0,242.5,243.0,243.5,54,281,99,144,13,239.5,242.0,239.0,237.5,261,214,1.0
20221108,2357,241.5,1,1852,131501198,241.0,240.5,240.0,239.5,239.0,42,22,34,53,123,241.5,242.0,242.5,243.0,243.5,53,281,99,144,13,239.5,242.0,239.0,237.5,261,214,2.0
20221108,2357,241.5,2,1854,131501578,241.0,240.5,240.0,239.5,239.0,43,22,34,53,123,241.5,242.0,242.5,243.0,243.5,51,281,99,144,13,239.5,242.0,239.0,237.5,261,214,0.0
20221108,2357,241.0,5,1859,131506733,241.0,240.5,240.0,239.5,239.0,39,22,34,53,123,241.5,242.0,242.5,243.0,243.5,53,281,99,144,13,239.5,242.0,239.0,237.5,261,214,2.0
20221108,2357,241.0,1,1860,131516212,241.0,240.5,240.0,239.5,239.0,40,22,34,53,123,241.5,242.0,242.5,243.0,243.5,53,282,99,144,13,239.5,242.0,239.0,237.5,261,214,2.0
20221108,2357,241.0,5,1865,131529791,241.0,240.5,240.0,239.5,239.0,37,22,34,53,123,241.5,242.0,242.5,243.0,243.5,83,283,69,144,13,239.5,242.0,239.0,237.5,261,214,1.0
20221108,2357,241.5,2,1867,131601474,241.0,240.5,240.0,239.5,239.0,37,22,34,53,123,241.5,242.0,242.5,243.0,243.5,81,283,69,144,13,239.5,242.0,239.0,237.5,261,214,0.0
20221108,2357,241.0,1,1868,131605339,241.0,240.5,240.0,239.5,239.0,36,24,34,53,123,241.5,242.0,242.5,243.0,243.5,81,283,69,144,13,239.5,242.0,239.0,237.5,261,214,1.0
20221108,2357,241.5,2,1870,131625424,241.0,240.5,240.0,239.5,239.0,36,24,34,53,123,241.5,242.0,242.5,243.0,243.5,79,283,69,144,13,239.5,242.0,239.0,237.5,261,214,0.0
20221108,2357,241.0,1,1871,131628826,241.0,240.5,240.0,239.5,239.0,36,25,34,53,123,241.5,242.0,242.5,243.0,243.5,71,283,69,144,13,239.5,242.0,239.0,237.5,261,214,2.0
20221108,2357,241.0,5,1876,131658558,241.0,240.5,240.0,239.5,239.0,31,25,34,53,123,241.5,242.0,242.5,243.0,243.5,71,283,69,144,13,239.5,242.0,239.0,237.5,261,214,1.0
20221108,2357,241.5,2,1878,131701406,241.0,240.5,240.0,239.5,239.0,31,25,34,53,123,241.5,242.0,242.5,243.0,243.5,70,283,69,144,13,239.5,242.0,239.0,237.5,261,214,0.0
20221108,2357,241.0,8,1886,131711278,241.0,240.5,240.0,239.5,239.0,27,23,34,56,123,241.5,242.0,242.5,243.0,243.5,71,282,69,144,13,239.5,242.0,239.0,237.5,261,214,1.0
20221108,2357,241.5,4,1890,131746465,241.0,240.5,240.0,239.5,239.0,35,23,35,56,123,241.5,242.0,242.5,243.0,243.5,68,282,68,144,13,239.5,242.0,239.0,237.5,261,214,0.0
20221108,2357,241.0,1,1891,131800443,241.0,240.5,240.0,239.5,239.0,34,23,35,56,123,241.5,242.0,242.5,243.0,243.5,68,282,68,144,13,239.5,242.0,239.0,237.5,261,214,1.0
20221108,2357,241.5,2,1893,131801421,241.0,240.5,240.0,239.5,239.0,34,23,35,56,123,241.5,242.0,242.5,243.0,243.5,66,282,68,144,13,239.5,242.0,239.0,237.5,261,214,2.0
20221108,2357,241.5,1,1894,131801460,241.0,240.5,240.0,239.5,239.0,34,23,35,56,123,241.5,242.0,242.5,243.0,243.5,64,282,68,144,13,239.5,242.0,239.0,237.5,261,214,2.0
20221108,2357,241.5,2,1896,131806487,241.0,240.5,240.0,239.5,239.0,34,23,35,56,123,241.5,242.0,242.5,243.0,243.5,64,282,68,144,13,239.5,242.0,239.0,237.5,261,214,2.0
20221108,2357,241.5,1,1897,131837960,241.0,240.5,240.0,239.5,239.0,34,23,35,56,123,241.5,242.0,242.5,243.0,243.5,65,282,68,144,13,239.5,242.0,239.0,237.5,261,214,2.0
20221108,2357,241.5,1,1898,131845346,241.0,240.5,240.0,239.5,239.0,34,23,35,56,123,241.5,242.0,242.5,243.0,243.5,64,282,68,144,13,239.5,242.0,239.0,237.5,261,214,0.0
20221108,2357,241.0,1,1899,131853794,241.0,240.5,240.0,239.5,239.0,33,23,35,56,123,241.5,242.0,242.5,243.0,243.5,64,281,68,144,13,239.5,242.0,239.0,237.5,261,214,1.0
20221108,2357,241.5,2,1901,131901325,241.0,240.5,240.0,239.5,239.0,33,23,35,56,122,241.5,242.0,242.5,243.0,243.5,67,281,68,146,16,239.5,242.0,239.0,237.5,261,214,2.0
20221108,2357,241.5,1,1902,131957848,241.0,240.5,240.0,239.5,239.0,33,23,35,56,122,241.5,242.0,242.5,243.0,243.5,66,281,68,146,16,239.5,242.0,239.0,237.5,261,214,2.0
20221108,2357,241.5,2,1904,132001333,241.0,240.5,240.0,239.5,239.0,34,23,35,56,122,241.5,242.0,242.5,243.0,243.5,62,281,69,146,16,239.5,242.0,239.0,237.5,261,214,2.0
20221108,2357,241.5,2,1906,132008878,241.0,240.5,240.0,239.5,239.0,32,23,35,56,122,241.5,242.0,242.5,243.0,243.5,61,284,70,146,16,239.5,242.0,239.0,237.5,261,214,0.0
20221108,2357,241.0,2,1908,132020137,241.0,240.5,240.0,239.5,239.0,32,24,35,56,122,241.5,242.0,242.5,243.0,243.5,63,284,70,146,16,239.5,242.0,239.0,237.5,261,214,2.0
20221108,2357,241.0,1,1909,132036884,241.0,240.5,240.0,239.5,239.0,31,24,35,56,122,241.5,242.0,242.5,243.0,243.5,68,284,70,146,16,239.5,242.0,239.0,237.5,261,214,2.0
20221108,2357,241.0,1,1910,132045498,241.0,240.5,240.0,239.5,239.0,50,24,35,56,122,241.5,242.0,242.5,243.0,243.5,68,284,70,146,16,239.5,242.0,239.0,237.5,261,214,1.0
20221108,2357,241.5,1,1911,132100547,241.0,240.5,240.0,239.5,239.0,50,24,35,56,122,241.5,242.0,242.5,243.0,243.5,67,284,70,146,16,239.5,242.0,239.0,237.5,261,214,2.0
20221108,2357,241.5,2,1913,132102062,241.0,240.5,240.0,239.5,239.0,50,24,35,56,122,241.5,242.0,242.5,243.0,243.5,66,284,70,146,16,239.5,242.0,239.0,237.5,261,214,0.0
20221108,2357,241.0,1,1914,132108016,241.0,240.5,240.0,239.5,239.0,49,24,35,56,122,241.5,242.0,242.5,243.0,243.5,65,284,70,146,16,239.5,242.0,239.0,237.5,261,214,1.0
20221108,2357,241.5,1,1915,132108764,241.0,240.5,240.0,239.5,239.0,53,24,35,56,122,241.5,242.0,242.5,243.0,243.5,63,284,70,146,16,239.5,242.0,239.0,237.5,261,214,2.0
20221108,2357,241.5,1,1916,132115297,241.0,240.5,240.0,239.5,239.0,52,29,30,56,123,241.5,242.0,242.5,243.0,243.5,66,284,70,146,16,239.5,242.0,239.0,237.5,261,214,0.0
20221108,2357,241.0,1,1917,132135573,241.0,240.5,240.0,239.5,239.0,51,29,30,56,123,241.5,242.0,242.5,243.0,243.5,66,286,70,146,16,239.5,242.0,239.0,237.5,261,214,1.0
20221108,2357,241.5,1,1918,132139094,241.0,240.5,240.0,239.5,239.0,51,28,30,56,123,241.5,242.0,242.5,243.0,243.5,64,286,70,146,16,239.5,242.0,239.0,237.5,261,214,2.0
20221108,2357,241.5,1,1919,132156099,241.0,240.5,240.0,239.5,239.0,51,28,30,56,123,241.5,242.0,242.5,243.0,243.5,63,286,70,146,16,239.5,242.0,239.0,237.5,261,214,2.0
20221108,2357,241.5,2,1921,132201511,241.0,240.5,240.0,239.5,239.0,52,28,30,56,128,241.5,242.0,242.5,243.0,243.5,60,286,70,146,21,239.5,242.0,239.0,237.5,261,214,0.0
20221108,2357,241.0,2,1923,132224754,241.0,240.5,240.0,239.5,239.0,50,28,30,56,128,241.5,242.0,242.5,243.0,243.5,61,286,70,146,21,239.5,242.0,239.0,237.5,261,214,2.0
20221108,2357,241.0,1,1924,132226804,241.0,240.5,240.0,239.5,239.0,49,28,30,56,128,241.5,242.0,242.5,243.0,243.5,61,286,70,146,21,239.5,242.0,239.0,237.5,261,214,1.0
20221108,2357,241.5,8,1932,132230198,241.0,240.5,240.0,239.5,239.0,41,28,30,56,128,241.5,242.0,242.5,243.0,243.5,53,286,70,146,21,239.5,242.0,239.0,237.5,261,214,2.0
20221108,2357,241.5,1,1933,132230208,241.0,240.5,240.0,239.5,239.0,45,29,28,56,128,241.5,242.0,242.5,243.0,243.5,54,286,70,146,21,239.5,242.0,239.0,237.5,261,214,2.0
20221108,2357,241.5,8,1941,132242170,241.0,240.5,240.0,239.5,239.0,45,29,28,55,128,241.5,242.0,242.5,243.0,243.5,46,286,70,146,21,239.5,242.0,239.0,237.5,261,214,2.0
20221108,2357,241.5,1,1942,132245876,241.0,240.5,240.0,239.5,239.0,46,29,28,55,128,241.5,242.0,242.5,243.0,243.5,46,285,70,146,21,239.5,242.0,239.0,237.5,261,214,2.0
20221108,2357,241.5,1,1943,132258210,241.0,240.5,240.0,239.5,239.0,45,29,28,55,128,241.5,242.0,242.5,243.0,243.5,45,285,70,146,21,239.5,242.0,239.0,237.5,261,214,2.0
20221108,2357,241.5,2,1945,132301596,241.0,240.5,240.0,239.5,239.0,45,29,28,55,128,241.5,242.0,242.5,243.0,243.5,43,285,70,146,21,239.5,242.0,239.0,237.5,261,214,2.0
20221108,2357,241.5,20,1965,132308513,241.0,240.5,240.0,239.5,239.0,45,28,28,55,128,241.5,242.0,242.5,243.0,243.5,22,285,70,146,21,239.5,242.0,239.0,237.5,261,214,2.0
20221108,2357,241.5,6,1971,132308590,241.0,240.5,240.0,239.5,239.0,45,28,27,55,128,241.5,242.0,242.5,243.0,243.5,15,285,70,146,21,239.5,242.0,239.0,237.5,261,214,2.0
20221108,2357,241.5,1,1972,132308789,241.0,240.5,240.0,239.5,239.0,45,28,27,55,128,241.5,242.0,242.5,243.0,243.5,15,285,69,146,21,239.5,242.0,239.0,237.5,261,214,0.0
20221108,2357,241.0,1,1973,132309718,241.0,240.5,240.0,239.5,239.0,44,28,27,55,128,241.5,242.0,242.5,243.0,243.5,15,285,69,146,21,239.5,242.0,239.0,237.5,261,214,1.0
20221108,2357,241.5,1,1974,132310605,241.0,240.5,240.0,239.5,239.0,24,28,27,55,128,241.5,242.0,242.5,243.0,243.5,14,285,69,146,21,239.5,242.0,239.0,237.5,261,214,2.0
20221108,2357,241.5,1,1975,132313575,241.0,240.5,240.0,239.5,239.0,24,28,27,55,128,241.5,242.0,242.5,243.0,243.5,13,285,69,146,21,239.5,242.0,239.0,237.5,261,214,2.0
20221108,2357,241.5,1,1976,132332600,241.0,240.5,240.0,239.5,239.0,25,28,27,55,128,241.5,242.0,242.5,243.0,243.5,12,285,69,146,21,239.5,242.0,239.0,237.5,261,214,2.0
20221108,2357,241.5,1,1977,132334478,241.0,240.5,240.0,239.5,239.0,24,28,27,55,128,241.5,242.0,242.5,243.0,243.5,11,285,69,146,21,239.5,242.0,239.0,237.5,261,214,2.0
20221108,2357,241.5,5,1982,132336335,241.0,240.5,240.0,239.5,239.0,24,28,27,55,128,241.5,242.0,242.5,243.0,243.5,8,285,69,146,21,239.5,242.0,239.0,237.5,261,214,2.0
20221108,2357,241.5,1,1983,132343999,241.0,240.5,240.0,239.5,239.0,23,28,27,54,128,241.5,242.0,242.5,243.0,243.5,7,286,69,146,21,239.5,242.0,239.0,237.5,261,214,2.0
20221108,2357,241.5,1,1984,132352236,241.0,240.5,240.0,239.5,239.0,23,28,27,54,128,241.5,242.0,242.5,243.0,243.5,5,285,69,146,21,239.5,242.0,239.0,237.5,261,214,2.0
20221108,2357,241.5,1,1985,132400006,241.0,240.5,240.0,239.5,239.0,23,28,27,54,128,241.5,242.0,242.5,243.0,243.5,1,285,69,146,21,239.5,242.0,239.0,237.5,261,214,2.0
20221108,2357,241.5,1,1986,132400241,241.0,240.5,240.0,239.5,239.0,25,29,35,54,112,242.0,242.5,243.0,243.5,244.0,294,54,112,21,40,239.5,242.0,239.0,237.5,261,214,1.0
20221108,2357,242.0,1,1987,132401043,241.0,240.5,240.0,239.5,239.0,25,29,35,54,112,242.0,242.5,243.0,243.5,244.0,293,54,112,21,40,239.5,242.0,239.0,237.5,261,214,2.0
20221108,2357,242.0,1,1988,132401509,241.0,240.5,240.0,239.5,239.0,25,29,35,54,112,242.0,242.5,243.0,243.5,244.0,292,54,112,21,40,239.5,242.0,239.0,237.5,261,214,2.0
20221108,2357,242.0,2,1990,132401551,241.0,240.5,240.0,239.5,239.0,25,29,35,54,112,242.0,242.5,243.0,243.5,244.0,289,54,112,37,77,239.5,242.0,239.0,237.5,261,214,2.0
20221108,2357,242.0,1,1991,132405354,241.0,240.5,240.0,239.5,239.0,25,29,35,54,112,242.0,242.5,243.0,243.5,244.0,288,54,112,37,77,239.5,242.0,239.0,237.5,261,214,2.0
20221108,2357,242.0,1,1992,132406920,241.0,240.5,240.0,239.5,239.0,17,20,30,39,112,242.0,242.5,243.0,243.5,244.0,292,54,112,37,77,239.5,242.0,239.0,237.5,261,214,0.0
20221108,2357,241.0,2,1994,132418583,241.0,240.5,240.0,239.5,239.0,13,18,34,24,112,242.0,242.5,243.0,243.5,244.0,290,56,108,24,77,239.5,242.0,239.0,237.5,261,214,1.0
20221108,2357,242.0,1,1995,132440299,241.5,241.0,240.5,240.0,239.5,1,13,18,34,24,242.0,242.5,243.0,243.5,244.0,289,56,92,24,77,239.5,242.0,239.0,237.5,261,214,0.0
20221108,2357,241.5,1,1996,132443075,241.0,240.5,240.0,239.5,239.0,14,18,34,24,112,242.0,242.5,243.0,243.5,244.0,287,56,104,24,77,239.5,242.0,239.0,237.5,261,214,1.0
20221108,2357,242.0,1,1997,132450316,241.0,240.5,240.0,239.5,239.0,14,17,34,24,73,242.0,242.5,243.0,243.5,244.0,285,56,104,24,45,239.5,242.0,239.0,237.5,261,214,2.0
